26.86
30.45
34.95
39.91
41.32
43.78
43.98
47.64
46.68
52.6
50.91
53.22
47.49
53.56
58.34
59.08
58.54
61.97
60.44
62.42
64.6
61.15
61.7
62.22
65.56
68.68
62.0
68.26
64.73
68.74
66.21
66.25
66.84
69.03
67.51
69.29
69.85
68.96
71.99
69.15
68.57
68.67
71.72
70.52
70.05
71.62
70.69
66.97
68.72
66.6
69.1
71.48
72.42
70.01
74.59
73.3
75.04
73.82
72.18
69.19
74.48
73.06
72.8
71.58
75.46
72.09
71.72
73.95
73.04
73.18
71.24
73.54
75.06
76.08
74.42
73.95
77.15
74.36
74.0
75.48
74.71
71.97
73.32
73.79
74.93
74.88
73.45
73.14
71.91
72.79
74.61
76.59
78.02
75.6
78.25
75.62
77.51
76.59
77.57
81.61
82.64
83.06
82.82
83.65
82.99
80.97
81.83
81.59
81.39
82.54
82.99
83.08
84.12
83.06
83.27
84.57
83.68
83.59
84.57
84.54
84.31
84.54
84.26
84.62
84.73
85.19
85.31
85.29
84.37
85.24
84.86
86.36
85.96
86.03
84.85
86.45
85.61
85.91
86.06
86.09
86.32
85.59
85.97
85.69
86.99
86.24
85.92
86.53
87.01
86.73
86.06
86.85
86.85
87.58
86.64
86.81
87.63
87.37
88.09
88.13
87.4
86.62
87.94
87.35
87.58
87.39
87.65
86.43
87.54
87.68
87.77
86.78
87.98
87.85
87.89
87.89
87.58
87.41
87.82
88.22
87.55
87.9
87.36
87.57
87.81
88.58
87.06
88.29
88.31
87.91
88.08
87.38
87.36
87.96
88.52
88.4
88.55
87.91
89.17
87.88
89.22
87.95
88.64
89.05
88.77
88.4
88.12
87.92
88.31
88.03
87.3
87.55
88.49
88.96
87.98
87.55
88.29
88.01
88.13
88.93
88.23
88.12
88.79
88.01
88.89
88.28
88.24
88.15
88.3
89.42
87.86
88.4
88.54
89.31
88.05
88.21
88.31
88.78
88.59
88.06
89.14
89.39
88.07
89.31
88.7
87.17
88.54
87.61
88.76
90.29
90.47
90.52
90.36
90.33
90.56
90.54
90.32
90.42
90.69
90.23
90.39
90.53
90.47
90.35
90.28
90.51
90.43
90.26
90.52
90.65
90.5
90.12
90.34
90.22
90.31
90.24
90.18
90.35
90.36
90.39
90.33
90.18
90.29
90.25
90.41
90.44
90.22
90.1
90.17
90.12
90.45
90.54
90.45
90.06
90.39
90.16
90.13
90.08
90.06
90.36
