11.3
11.15
8.72
10.57
12.3
13.47
9.07
8.98
9.53
11.29
9.24
10.33
13.49
10.53
10.01
11.06
16.05
13.25
13.75
14.67
19.6
8.1
11.84
12.09
12.1
13.2
16.24
15.65
10.29
11.1
15.63
11.78
16.38
13.44
19.19
18.04
12.79
11.15
10.34
10.41
16.6
12.53
16.34
12.71
16.44
12.4
9.87
9.99
15.1
19.07
11.38
18.08
16.1
15.62
16.76
17.0
16.78
11.03
17.39
17.45
19.44
10.0
15.64
16.51
15.55
19.42
17.01
15.24
16.45
17.19
15.96
19.75
17.71
16.39
11.62
13.56
18.38
13.74
18.29
17.69
11.25
11.05
13.79
15.81
16.41
17.09
17.31
17.11
19.2
12.65
20.84
14.72
19.13
16.42
16.77
17.1
13.94
17.98
16.75
19.41
20.23
17.91
17.6
18.42
20.16
10.0
10.0
10.18
10.0
10.26
10.0
10.0
10.0
10.0
10.0
10.0
10.0
10.0
10.0
10.0
10.0
10.0
10.0
10.0
10.0
10.0
10.0
10.0
10.0
10.0
10.0
10.0
10.0
10.0
10.0
10.0
10.0
10.0
10.0
10.0
10.0
10.0
10.0
10.0
10.0
10.0
10.0
10.0
10.0
10.0
10.0
10.0
10.0
10.0
10.0
10.0
10.0
10.0
10.0
10.0
10.0
10.0
10.0
10.0
10.0
10.0
10.0
10.0
10.0
10.0
10.0
10.0
10.0
10.0
10.0
10.0
10.0
10.0
10.0
10.0
10.0
10.0
10.0
10.0
10.0
10.0
10.0
10.0
10.0
10.0
10.0
10.0
10.0
10.0
10.0
10.0
10.0
10.0
10.0
10.0
10.0
10.0
10.0
10.0
10.0
10.0
10.0
10.0
10.0
10.0
10.0
10.0
10.0
10.0
10.0
10.0
10.0
10.0
10.0
10.0
10.0
10.0
10.0
10.0
10.0
10.0
10.0
10.0
10.0
10.0
10.0
10.0
10.0
10.0
10.0
10.0
10.0
10.0
10.0
10.0
10.0
10.0
10.0
10.0
10.0
10.0
10.0
10.0
10.0
10.0
10.0
10.0
10.0
10.0
10.0
10.0
10.0
10.0
10.0
10.0
10.0
10.0
10.0
10.0
10.0
10.0
10.0
10.0
10.0
10.0
10.0
10.0
10.0
10.0
10.0
10.0
10.0
10.0
10.0
10.0
10.0
10.0
10.0
10.0
10.0
10.0
10.0
10.0
10.0
10.0
10.0
10.0
10.0
10.0
10.0
10.0
10.0
10.0
10.0
10.0
