13.28
18.91
20.42
20.97
22.24
19.11
23.78
24.73
23.67
26.41
26.35
27.29
26.44
35.1
26.18
24.83
29.85
27.74
29.23
35.14
33.69
30.56
35.5
29.61
35.83
35.64
35.12
37.4
36.36
38.02
36.09
36.51
38.07
35.49
37.56
40.48
38.84
39.01
41.75
38.92
43.2
41.91
41.53
36.88
42.6
40.6
42.25
38.45
43.55
36.63
39.45
42.52
47.0
43.63
45.74
46.27
47.39
45.75
42.38
45.11
50.0
41.44
44.39
44.7
37.05
41.99
45.85
42.41
50.98
46.85
37.62
45.96
48.46
48.74
48.12
49.38
41.89
49.97
42.79
51.17
32.98
45.83
45.13
53.1
44.7
53.81
49.17
49.99
49.7
47.68
50.0
48.52
52.06
53.7
50.58
48.94
51.23
53.94
51.13
55.95
57.47
56.57
57.75
58.11
58.34
10.01
10.0
10.0
10.0
10.0
10.0
10.0
10.0
10.0
34.98
10.0
10.0
10.0
10.0
10.0
10.0
10.0
10.0
10.0
10.0
10.0
10.0
10.0
10.0
10.0
10.0
10.0
10.0
10.0
10.0
10.0
10.0
10.0
10.0
10.0
10.0
10.0
10.0
10.0
10.0
10.0
10.0
10.0
10.0
10.0
10.0
10.0
10.0
10.0
10.0
10.0
10.0
10.0
10.0
10.0
10.0
10.0
10.0
10.0
10.0
10.0
10.0
10.0
10.0
10.0
10.0
10.0
10.0
10.0
10.0
10.0
10.0
10.0
10.0
10.0
10.0
10.0
10.0
10.0
10.0
10.0
10.0
10.0
10.0
10.0
10.0
10.0
10.0
10.0
10.0
10.0
10.0
10.0
10.0
10.0
10.36
10.0
10.0
10.6
10.0
10.0
10.0
10.0
10.0
10.0
10.0
10.0
10.0
10.0
10.0
10.0
10.0
10.0
10.0
10.0
10.0
10.0
10.0
10.0
10.0
10.0
10.0
10.0
10.0
10.0
10.0
10.0
10.6
10.0
10.0
10.0
10.0
10.0
9.86
10.0
10.0
10.0
10.0
10.0
10.0
10.0
10.0
10.0
10.0
10.0
10.0
10.0
10.0
10.0
10.0
10.0
10.0
10.0
10.0
10.0
10.0
10.0
10.0
10.0
10.0
10.0
10.0
10.0
10.0
10.0
10.0
10.0
10.0
10.0
10.0
10.0
10.0
10.0
10.0
10.0
10.0
10.0
10.0
10.0
10.0
10.0
10.0
10.0
10.0
10.0
10.0
10.0
10.0
10.0
10.0
10.0
10.0
10.0
10.0
10.0
