24.3
33.29
38.14
39.94
40.52
42.82
46.33
48.22
51.27
49.66
54.27
56.61
52.79
59.98
58.47
56.31
60.23
60.15
64.08
64.43
63.94
65.19
62.66
64.12
66.67
65.8
65.75
67.55
66.11
66.08
64.26
71.08
69.12
69.16
70.66
70.43
70.39
71.47
71.5
66.92
73.33
71.44
70.46
73.36
74.54
71.74
73.72
74.49
70.53
69.7
75.71
68.58
73.52
74.26
73.34
68.02
75.26
69.73
75.12
74.22
72.11
73.36
73.2
73.09
72.21
73.6
73.04
76.03
73.88
74.6
65.29
76.99
68.37
77.14
77.22
77.03
77.21
76.39
71.87
73.28
75.7
75.29
73.11
75.43
76.02
71.08
76.85
74.65
72.1
78.06
74.99
75.52
72.28
76.22
76.77
77.06
75.2
78.37
76.15
81.96
82.61
82.98
82.86
83.68
83.72
81.67
81.71
82.55
81.78
83.17
82.79
82.15
82.56
82.88
83.27
83.87
84.35
84.49
83.99
84.45
84.24
84.81
85.31
85.14
85.18
85.43
85.25
86.03
86.3
85.52
86.21
85.95
86.48
85.79
86.34
85.39
85.65
86.12
85.52
86.78
85.21
87.04
85.87
85.92
87.45
87.11
87.44
87.01
87.2
85.88
85.75
86.91
87.36
86.47
86.99
86.71
86.97
86.43
87.49
86.66
86.99
87.71
88.31
87.16
87.57
85.95
87.58
86.88
86.65
87.54
87.71
88.04
87.44
87.38
86.96
87.85
88.12
86.68
87.35
87.97
88.31
87.43
87.21
87.16
87.71
87.14
87.29
87.72
87.9
88.04
88.01
87.9
88.42
88.12
88.11
87.99
88.1
88.94
87.54
87.02
86.61
88.42
88.88
87.85
87.46
88.14
88.53
87.5
88.56
88.48
88.79
87.47
88.33
87.57
87.98
86.88
87.32
87.43
88.02
88.74
88.42
87.92
86.92
89.05
86.91
88.79
88.43
88.62
87.94
88.69
87.73
88.79
87.85
88.55
88.04
88.79
88.38
88.83
87.12
88.14
87.85
89.2
88.24
88.91
88.58
88.76
87.71
89.24
88.73
89.78
89.76
90.0
90.15
89.9
89.93
90.33
90.08
89.99
90.1
90.21
90.33
90.18
90.1
90.42
90.2
90.22
90.1
90.45
90.15
89.99
90.37
90.25
90.31
90.02
89.8
89.96
90.18
90.17
90.25
90.26
90.1
90.2
90.3
90.42
90.18
90.22
90.46
90.33
90.1
90.24
90.32
90.18
90.34
89.8
90.2
90.13
90.0
90.13
90.29
90.12
