33.23
38.36
44.09
49.19
47.33
51.49
50.45
57.87
53.42
54.28
53.35
51.57
51.02
55.78
57.11
61.34
55.14
61.46
61.86
53.76
57.25
62.77
60.79
58.08
63.64
58.16
54.15
62.22
59.86
62.98
57.29
63.36
65.1
58.02
62.1
66.3
57.87
61.31
63.74
61.81
62.11
62.78
67.25
58.77
61.48
67.96
63.62
61.48
66.98
59.01
61.0
64.15
66.64
61.24
70.0
61.08
65.77
70.96
68.16
65.72
66.35
67.16
66.99
64.28
61.48
65.85
65.2
68.88
62.56
59.25
66.22
69.06
58.34
59.01
71.08
67.2
67.58
66.7
66.82
71.86
61.15
71.55
66.25
70.45
62.26
64.15
69.87
66.02
68.02
67.14
64.67
68.56
67.59
57.83
63.71
67.01
66.73
72.7
69.67
72.23
73.63
69.64
71.78
72.59
71.71
73.31
73.62
68.9
70.34
72.93
71.51
70.14
69.25
72.29
70.44
70.96
72.28
69.86
73.78
69.6
69.69
70.18
69.65
66.25
70.61
72.65
72.63
74.51
71.98
71.12
71.45
70.29
69.07
70.7
68.95
71.43
70.17
71.36
71.8
73.66
70.2
70.61
73.04
71.76
71.37
72.97
70.27
70.22
69.02
67.43
72.95
70.16
73.78
73.49
69.6
72.07
70.76
76.61
69.67
71.29
69.55
71.04
73.92
69.19
67.93
69.82
67.7
68.96
70.73
70.18
69.9
70.0
67.3
67.96
71.46
72.07
69.87
72.02
72.12
72.04
67.18
73.66
69.33
69.62
68.91
69.75
69.16
70.69
67.0
71.11
70.86
71.63
71.43
69.53
65.4
74.15
71.49
67.49
68.52
68.64
71.96
69.58
69.56
68.15
71.37
68.68
66.72
72.51
68.59
69.82
68.12
69.09
69.07
71.04
70.66
69.64
70.25
71.39
74.54
70.9
71.96
69.53
68.41
67.24
69.5
67.45
69.24
72.13
72.96
73.58
75.69
70.03
69.8
69.6
68.17
68.04
71.41
69.33
69.96
67.9
71.44
71.53
72.29
69.69
70.82
73.26
71.18
70.58
73.89
71.59
72.24
72.01
71.46
71.14
72.63
71.37
71.61
72.02
71.73
72.77
73.36
72.56
71.62
70.85
71.87
72.17
72.34
72.9
71.91
72.56
72.34
72.21
71.53
72.34
71.43
70.51
72.6
71.98
71.81
72.7
72.76
73.29
72.18
72.63
72.11
72.64
73.64
72.74
73.25
71.76
72.05
72.51
72.73
72.09
71.68
71.39
72.23
71.58
72.3
71.6
