38.53
46.28
47.87
50.14
54.57
52.62
64.64
65.56
69.53
63.31
70.24
63.49
71.43
75.32
71.52
71.72
76.36
74.47
75.19
70.68
71.33
76.29
73.42
77.32
76.17
76.78
79.2
77.2
78.51
78.92
83.03
80.56
81.44
76.37
80.04
82.41
81.21
83.32
80.37
78.28
81.4
81.6
79.87
80.84
82.68
82.93
78.76
83.52
82.06
83.94
81.5
84.39
82.25
84.97
82.24
81.11
80.29
83.46
79.74
86.14
81.63
82.19
83.16
83.93
83.86
81.5
85.01
84.0
83.92
84.9
85.05
83.01
83.52
83.64
86.42
87.18
84.3
83.19
84.15
85.87
83.18
86.25
85.16
85.13
84.36
83.99
83.49
87.01
84.18
83.74
84.52
85.82
78.93
83.8
88.12
86.62
84.42
86.44
85.82
89.37
89.9
89.58
89.44
88.9
90.0
89.39
89.68
89.4
89.17
89.7
90.93
90.39
90.83
90.91
90.59
90.55
90.67
90.69
91.06
90.85
90.73
90.64
90.64
90.64
90.84
90.73
90.51
90.6
90.72
90.69
91.12
90.96
90.8
90.69
90.79
91.1
91.08
91.14
91.26
91.0
90.56
91.17
90.99
91.83
91.37
91.44
91.74
91.53
91.1
90.66
90.89
91.13
91.0
90.65
91.53
91.29
91.03
91.17
91.31
91.46
90.95
91.46
90.55
91.23
91.88
90.49
90.97
10.0
90.7
91.67
91.19
91.39
91.59
79.93
84.66
84.34
81.17
91.49
91.07
91.65
91.78
88.4
91.22
92.05
91.04
92.07
10.0
91.1
91.43
91.27
91.92
91.45
91.96
89.98
90.41
91.19
83.71
91.61
91.46
91.66
92.07
90.16
91.25
91.27
91.51
91.61
89.96
91.64
91.6
83.9
90.99
91.23
91.44
91.77
89.4
91.11
91.95
92.0
91.37
91.38
89.27
91.82
92.02
90.74
91.45
10.0
91.05
91.86
92.16
92.28
91.78
89.98
91.7
91.76
90.18
91.5
92.23
91.95
92.05
92.44
