15.09
16.52
20.99
22.16
25.01
22.03
24.24
22.02
22.4
23.68
27.99
25.06
24.65
32.76
27.98
25.89
29.77
25.97
27.44
31.03
30.4
33.24
30.39
30.84
31.52
34.37
34.24
34.91
33.15
35.17
31.58
36.52
36.51
32.63
32.07
36.91
37.08
33.18
36.27
34.24
36.91
40.24
40.09
34.65
37.68
37.98
40.08
34.2
44.25
37.11
41.31
41.89
42.19
40.53
43.22
45.37
46.05
44.76
45.19
44.24
48.54
40.06
45.05
38.55
40.83
41.91
42.87
41.0
47.43
44.86
34.45
44.24
46.3
45.56
41.38
50.41
45.3
46.76
40.68
48.62
36.6
45.19
41.21
48.85
45.87
48.97
46.59
48.02
47.72
40.69
48.8
49.03
47.75
49.58
48.37
47.12
51.45
52.5
51.17
55.09
56.37
54.84
56.25
56.74
56.4
10.0
10.0
10.0
10.0
10.0
10.0
10.0
10.0
10.0
10.0
10.0
36.86
10.04
10.0
10.0
40.18
10.0
10.0
39.84
10.0
10.0
10.0
10.0
10.0
10.0
25.12
10.0
10.0
10.0
10.0
10.0
10.0
10.0
10.0
10.0
9.05
10.0
10.0
10.0
10.0
10.0
10.0
10.0
10.0
10.0
10.0
10.0
10.0
10.0
10.0
10.0
10.0
10.0
10.0
10.0
10.0
10.0
10.0
10.0
10.0
10.0
10.0
10.0
10.0
10.0
10.0
10.0
10.0
10.0
10.0
10.0
10.0
10.0
10.0
10.0
10.0
10.0
10.0
10.0
10.0
10.0
10.0
10.0
10.0
10.0
10.0
10.0
10.0
10.0
10.0
10.0
10.0
10.0
10.0
10.0
10.0
10.0
10.0
10.0
10.0
10.0
10.0
10.0
10.0
10.0
10.0
10.0
10.0
10.0
10.0
10.0
10.0
10.0
10.0
10.0
10.0
10.0
10.0
10.0
10.0
10.0
10.0
10.0
10.0
10.0
10.0
10.0
10.0
10.0
10.0
10.0
10.0
10.0
10.0
10.0
10.0
10.0
10.0
10.0
10.0
10.0
10.0
10.0
10.0
10.0
10.0
10.0
10.0
10.0
10.0
10.0
10.0
10.0
10.0
10.0
10.0
10.0
10.0
10.0
10.0
10.0
10.0
10.0
10.0
10.0
10.0
10.0
10.0
10.0
10.0
10.0
10.0
10.0
10.0
10.0
10.0
10.0
10.0
10.0
10.0
10.0
10.0
10.0
10.0
10.0
10.0
10.0
10.0
10.0
10.0
10.0
10.0
10.0
10.0
10.0
