40.4
49.79
52.17
52.45
50.79
62.78
66.94
63.83
70.43
64.69
70.35
65.3
71.58
72.86
68.81
73.89
75.94
74.75
75.5
71.0
72.87
77.54
74.65
76.4
77.0
74.75
78.31
77.86
78.35
80.53
82.22
81.19
82.13
78.11
80.27
77.07
80.67
83.33
77.45
79.04
81.2
79.62
79.74
82.97
83.91
82.25
79.2
80.95
83.14
82.68
81.21
84.91
82.77
83.05
78.46
83.47
80.61
84.84
83.76
83.26
79.84
80.31
84.52
82.71
84.22
85.0
84.17
82.72
85.42
83.86
82.09
84.87
85.62
83.48
86.31
87.24
83.4
84.38
83.62
85.15
82.2
86.07
84.76
83.76
83.65
82.34
85.38
87.53
85.23
83.59
84.49
85.49
81.15
84.02
86.56
86.79
84.26
87.0
83.44
89.21
89.86
89.98
89.97
89.42
90.26
89.24
89.47
89.62
89.14
89.66
91.04
90.17
90.88
91.07
90.66
90.67
90.96
90.64
91.25
90.94
91.29
91.26
91.25
91.06
91.19
90.47
91.16
91.02
91.31
91.23
91.29
91.18
91.43
91.07
91.16
91.55
91.25
91.27
91.37
91.34
91.15
91.62
91.63
91.66
91.89
91.39
91.96
91.58
92.0
91.59
91.53
91.29
91.74
91.36
91.89
91.85
91.96
91.75
91.55
91.73
91.21
10.0
91.37
91.86
91.66
91.66
91.4
91.98
89.68
91.67
91.57
91.8
91.16
91.54
91.05
91.77
92.21
90.45
91.37
92.23
91.92
91.38
91.6
92.34
91.34
92.0
91.87
92.19
91.22
92.31
91.46
91.19
91.62
92.21
89.82
91.29
92.48
92.06
92.26
91.88
92.43
92.3
91.84
91.99
91.37
92.14
92.26
92.3
91.87
90.19
91.72
91.74
92.15
90.96
92.23
91.93
92.02
92.16
92.14
92.49
92.06
92.34
92.12
91.77
92.02
91.81
89.32
92.04
92.14
92.03
92.47
92.22
91.96
92.45
91.8
92.45
90.9
91.81
92.48
92.56
91.97
92.45
91.93
91.54
91.39
91.86
92.16
92.21
92.45
92.76
93.03
93.07
93.04
93.06
93.04
93.18
93.2
93.27
93.08
93.21
92.99
93.37
93.19
93.27
93.12
93.44
93.41
93.32
93.33
93.41
93.23
93.17
93.48
93.45
93.31
93.27
93.49
93.35
93.29
93.25
93.21
93.24
93.47
93.34
93.33
93.4
93.45
93.44
93.4
93.4
93.4
93.45
93.35
93.28
93.49
93.4
93.49
93.28
93.32
93.38
