26.04
29.29
31.14
39.04
39.42
41.07
38.14
45.66
45.8
50.44
51.42
54.43
53.7
54.22
56.79
56.01
58.57
57.68
58.83
61.73
60.68
63.56
61.39
65.43
63.06
64.43
66.76
68.23
65.9
67.85
67.87
67.74
69.0
63.41
62.68
67.31
69.56
69.59
66.61
68.42
72.7
72.29
69.55
71.79
71.67
67.01
71.3
73.8
69.97
73.97
72.15
69.49
69.67
69.72
66.22
73.47
69.18
71.0
75.63
69.58
72.31
70.4
66.93
74.75
74.13
68.07
75.09
71.04
74.66
73.39
71.28
75.22
72.1
74.95
75.86
70.74
76.8
75.64
72.01
73.3
72.16
77.96
72.54
73.34
74.21
72.83
69.65
76.02
72.52
75.39
73.97
75.52
73.97
77.07
69.99
75.08
76.26
75.45
77.83
81.57
81.97
82.37
82.02
83.41
82.89
84.51
84.8
85.5
85.54
85.42
86.22
85.57
85.97
86.17
86.64
86.22
86.26
86.38
86.47
86.83
86.67
86.25
86.99
86.96
86.49
86.15
86.97
86.57
86.76
86.68
86.48
86.91
87.03
86.85
87.18
86.79
87.49
87.04
86.93
86.55
86.58
87.03
86.9
86.8
87.27
86.96
86.74
86.8
86.92
87.01
86.56
86.76
87.0
86.72
86.67
87.3
87.09
86.98
87.1
86.94
87.11
86.31
87.09
86.9
87.73
86.75
86.68
87.44
87.01
86.85
86.08
87.15
86.61
86.46
86.87
87.06
86.67
87.24
86.91
86.81
86.95
86.42
86.6
86.95
87.3
85.97
87.03
86.53
86.58
86.22
86.44
87.29
87.21
88.01
86.03
86.74
86.89
86.49
86.74
86.06
87.02
87.47
86.62
87.21
86.19
87.53
87.25
86.44
86.58
86.85
87.35
86.78
86.52
86.58
86.71
86.15
86.76
85.93
85.3
85.77
86.68
87.11
86.54
86.7
86.66
86.22
86.16
86.64
86.4
86.5
85.67
86.11
86.69
86.98
86.78
85.75
86.57
86.81
86.6
86.28
86.32
86.26
87.37
86.75
86.34
86.61
87.05
86.65
86.28
87.47
87.18
87.63
87.77
87.73
87.54
87.8
87.7
87.95
87.4
87.67
87.83
87.36
87.77
87.93
87.9
87.84
88.01
87.77
88.07
87.62
87.49
87.71
87.91
87.7
87.38
87.72
87.73
87.57
87.49
87.16
87.5
87.25
87.49
87.15
87.37
87.24
87.51
87.16
87.43
87.18
87.62
87.44
87.59
87.5
87.65
87.45
87.65
87.49
87.03
87.6
