35.29
40.94
38.69
50.65
53.02
50.32
48.92
55.02
58.17
62.72
57.55
67.45
59.83
66.25
68.0
62.24
68.58
61.54
66.79
67.43
70.59
67.89
73.88
65.48
67.73
71.13
71.14
72.93
71.66
69.95
75.32
70.17
71.54
70.54
75.98
77.06
73.63
73.61
74.95
71.37
69.06
78.98
77.78
73.46
69.56
75.54
73.48
75.17
75.59
73.54
78.43
74.48
79.35
70.2
73.76
73.81
75.44
70.24
74.87
76.04
71.21
82.2
71.65
75.77
76.76
77.77
74.3
75.77
77.62
78.93
71.67
78.16
77.0
72.98
80.32
70.29
78.98
76.41
74.0
76.4
81.83
77.95
78.84
77.25
82.34
79.74
77.68
78.09
76.07
76.69
80.4
74.01
78.53
77.58
79.82
83.23
78.54
81.28
76.89
84.36
83.39
85.27
83.72
84.47
83.2
82.99
83.47
83.44
83.21
86.04
84.0
84.19
85.81
85.6
85.19
85.1
85.65
83.98
84.9
83.46
85.71
83.95
85.61
85.02
84.57
84.5
85.53
84.21
84.56
85.48
84.3
85.43
84.28
85.13
85.71
84.93
82.77
83.96
84.37
86.2
84.78
85.05
83.73
86.19
84.85
84.62
86.11
84.82
85.05
84.51
84.92
85.86
85.97
85.34
85.47
84.44
86.16
84.33
85.63
84.65
85.92
84.01
84.84
86.77
85.74
86.44
85.55
84.4
85.43
86.55
84.68
85.25
86.95
83.74
85.09
85.55
86.39
85.96
86.8
86.19
85.55
86.54
86.34
85.66
86.11
86.48
85.39
84.7
85.82
85.43
85.69
86.47
86.05
85.72
87.33
86.98
85.61
86.91
85.42
87.45
84.64
86.18
86.1
87.11
87.78
86.49
87.24
85.94
85.26
85.15
86.25
86.95
85.76
85.12
86.11
85.8
87.17
85.02
85.83
86.97
85.59
87.29
85.05
85.33
84.14
85.98
87.49
85.33
86.6
85.97
86.29
86.23
87.21
83.84
84.88
85.36
87.24
84.7
87.47
85.32
86.71
87.51
86.82
87.16
86.82
86.24
85.77
85.26
87.33
86.7
87.08
86.83
86.67
86.4
86.9
87.26
86.85
87.15
87.31
86.91
86.88
87.04
87.57
86.51
86.36
87.39
87.11
86.7
86.77
87.01
87.46
86.97
87.38
87.3
87.1
86.83
86.79
87.0
87.35
87.15
87.16
86.66
87.31
86.78
86.73
86.39
86.77
86.94
86.22
86.56
86.63
86.74
86.57
86.72
86.73
86.36
86.68
85.87
87.15
87.24
