29.97
37.39
39.38
46.77
52.35
47.08
49.74
60.66
57.2
60.47
61.75
63.2
65.44
70.47
67.55
68.85
67.8
71.54
70.77
74.51
74.74
75.39
72.53
74.05
75.06
76.65
76.34
68.72
75.39
75.83
73.21
74.78
77.48
76.05
76.91
77.27
74.79
76.99
76.59
75.87
72.97
79.06
79.76
80.14
74.78
80.97
75.2
79.25
78.11
77.9
77.21
80.27
78.18
74.54
80.11
80.75
77.55
77.81
79.95
82.48
79.52
81.45
78.1
81.58
79.51
80.58
80.16
81.04
82.22
81.98
81.45
81.11
82.28
77.32
81.95
81.69
81.36
81.28
82.87
81.47
81.44
82.66
82.33
83.6
79.65
81.81
77.56
81.85
81.71
79.9
82.99
83.24
83.07
83.55
83.42
78.75
80.84
83.82
83.36
87.36
87.9
88.12
88.47
88.28
88.49
86.9
88.0
88.06
88.04
87.98
88.23
88.44
88.12
88.6
88.14
88.69
88.26
88.91
88.61
88.55
88.9
89.0
89.15
88.61
88.86
88.8
88.72
88.98
89.28
89.52
88.69
89.32
89.28
88.44
89.14
88.79
89.04
89.51
89.34
89.54
89.31
89.8
88.67
89.45
89.95
89.13
89.75
89.5
89.66
90.2
90.1
89.39
89.43
89.93
89.24
89.61
89.9
90.6
89.32
88.61
89.43
89.75
90.26
89.45
88.74
89.54
89.75
90.5
89.78
89.97
90.04
90.34
90.08
89.92
90.17
90.51
89.8
90.27
90.36
90.61
89.61
91.09
90.82
90.24
89.73
89.74
90.21
90.38
89.69
89.56
91.1
90.01
90.65
89.83
90.16
89.66
90.22
89.94
91.26
89.22
91.17
90.01
90.99
89.67
90.86
89.4
91.14
90.5
90.37
91.1
89.56
90.09
90.83
90.9
90.81
90.99
90.47
91.1
90.15
90.97
89.72
89.67
89.72
90.39
91.22
90.64
91.3
90.84
91.24
91.46
91.15
89.92
91.38
90.69
90.24
90.45
90.65
91.3
90.46
90.86
91.13
91.27
90.54
89.7
91.0
90.57
91.18
90.31
91.02
92.01
91.9
92.06
92.19
91.97
91.87
92.15
92.07
92.16
92.13
92.04
91.95
92.35
91.91
92.29
92.01
92.13
92.22
92.27
91.96
92.21
91.88
92.21
91.98
92.24
92.14
92.54
92.17
92.22
92.08
92.37
92.26
92.48
92.2
92.45
92.05
92.39
92.24
92.17
91.95
92.5
92.12
92.58
92.23
92.39
92.24
92.42
92.33
92.26
92.22
92.44
