10.0
14.27
10.01
16.06
12.24
11.42
10.46
12.22
12.69
12.48
12.61
14.03
13.54
11.33
13.44
12.4
16.56
17.54
13.49
10.56
15.61
15.36
10.3
12.35
12.96
14.62
11.01
10.0
10.08
10.02
15.95
16.23
10.03
15.45
10.27
11.12
14.21
14.43
20.18
10.0
13.52
12.95
18.26
16.54
13.58
17.02
16.4
13.55
14.06
15.55
14.25
10.83
17.09
15.16
10.64
14.68
12.84
13.03
12.14
18.48
16.59
15.66
12.38
15.61
12.76
18.19
15.19
18.64
18.54
16.57
15.14
15.38
12.03
21.68
16.61
14.67
18.69
16.34
16.71
17.69
12.59
19.39
14.05
19.04
17.41
12.68
17.42
10.69
17.73
17.1
14.55
14.01
15.92
18.8
20.38
19.64
16.15
16.76
16.94
22.53
23.19
24.65
25.23
21.34
22.33
10.0
10.0
10.0
10.0
10.0
10.0
10.0
10.0
10.0
10.0
10.0
10.0
11.19
10.0
10.0
10.29
10.0
10.0
10.0
10.0
10.0
10.0
10.0
10.0
10.0
10.0
10.0
10.0
10.0
10.53
10.0
10.0
8.18
10.0
12.49
10.0
10.0
10.0
10.0
10.0
10.0
10.0
10.0
10.0
10.0
10.0
10.0
10.0
10.0
10.0
10.0
10.0
10.0
10.0
10.0
10.0
10.16
10.0
9.84
10.0
10.0
10.0
10.0
10.0
10.0
10.0
6.92
10.0
10.0
10.0
10.0
10.0
10.0
10.0
10.0
10.0
10.0
10.08
10.0
10.0
10.0
10.0
10.0
10.0
10.0
10.0
10.76
10.0
10.0
10.0
9.07
10.0
10.0
10.0
10.0
10.0
10.0
10.0
10.0
10.0
10.0
9.9
10.0
10.0
10.0
10.0
10.0
10.0
10.0
10.0
10.0
10.0
10.0
10.0
10.0
10.0
10.0
10.0
10.0
10.0
10.0
10.0
10.0
10.0
10.0
10.0
10.0
10.0
10.0
10.0
10.0
10.0
10.0
10.0
10.0
10.0
10.0
10.0
10.0
10.0
10.0
10.0
10.0
10.0
10.0
10.0
10.0
10.0
10.0
10.0
10.0
10.0
10.0
10.0
10.0
10.0
10.0
10.0
10.0
10.0
10.0
10.0
10.0
10.0
10.0
10.0
10.0
10.0
10.0
10.0
10.0
10.0
10.0
10.0
10.0
10.0
10.0
10.0
10.0
10.0
10.0
10.0
10.0
10.0
10.0
10.0
10.0
10.0
10.0
10.0
10.0
10.0
10.0
10.0
10.0
