14.81
17.36
18.28
15.43
17.97
19.76
19.58
24.34
20.4
22.33
27.16
23.25
23.75
30.83
25.24
21.82
25.42
22.74
26.41
30.85
28.95
34.39
32.0
30.76
33.04
32.64
33.12
31.67
32.62
33.92
31.26
37.05
36.43
32.68
32.43
36.41
33.97
33.4
37.66
33.69
39.36
36.92
39.13
35.48
38.27
37.93
40.75
36.75
43.97
36.53
38.57
38.81
41.9
39.87
40.21
45.69
45.12
46.58
46.74
44.64
48.32
40.9
40.97
46.32
40.46
36.94
46.4
43.5
48.75
42.72
29.71
45.76
46.76
47.44
44.59
45.39
40.39
47.76
31.9
48.63
27.17
45.99
46.87
51.32
44.86
50.83
49.22
48.99
48.69
44.98
48.49
49.12
48.28
51.08
46.81
50.48
48.85
53.31
51.85
54.57
56.63
55.07
56.74
57.16
56.84
10.02
10.0
10.0
10.0
10.0
10.0
10.0
10.0
10.0
10.0
10.0
10.0
10.0
42.11
10.0
10.0
10.0
10.0
10.0
10.0
26.47
10.0
10.0
10.0
10.0
22.12
10.0
10.0
10.0
10.0
10.0
10.0
10.0
10.0
10.0
10.0
10.0
10.0
10.0
10.0
24.89
10.0
10.0
10.0
10.0
10.0
10.0
10.0
10.0
10.0
10.0
10.0
10.0
10.0
10.0
10.0
10.0
10.0
10.0
10.0
10.0
10.0
10.0
10.0
10.0
10.0
10.0
10.0
10.0
10.0
10.0
10.0
10.0
10.0
10.0
10.0
10.0
10.0
10.0
10.0
10.0
10.0
10.0
10.0
10.0
10.0
10.0
10.0
10.0
10.0
10.0
10.0
10.0
10.0
10.0
10.0
10.0
10.0
10.0
10.0
10.0
10.0
10.0
10.0
10.0
10.0
10.0
10.0
10.0
10.0
10.0
10.0
10.0
10.0
10.0
10.0
10.0
10.0
10.0
10.0
10.0
10.0
10.0
10.0
10.01
9.57
10.0
10.0
10.0
10.0
10.0
10.0
10.0
10.0
10.0
10.0
10.0
16.53
10.0
10.0
11.57
10.0
10.0
10.0
10.0
10.0
10.0
10.0
10.0
10.0
10.0
10.0
10.0
10.0
10.0
10.0
10.0
10.0
10.0
10.0
10.0
10.0
10.0
10.0
10.0
10.0
10.0
10.0
10.0
10.0
10.0
10.0
10.0
10.0
10.0
10.0
10.0
10.0
10.0
10.0
10.0
10.0
10.0
10.0
10.0
10.0
10.0
10.0
10.0
10.0
10.0
10.0
10.0
10.0
10.0
