19.74
23.3
19.94
26.83
25.8
27.34
28.87
28.05
31.64
31.16
32.49
30.53
36.28
40.52
34.08
41.52
41.0
42.46
42.53
38.53
44.15
43.76
46.89
50.69
49.92
47.29
40.05
49.49
51.35
46.33
54.28
51.08
53.78
50.14
54.46
51.59
48.16
59.24
54.86
57.51
56.89
51.13
54.41
53.73
55.82
52.42
59.29
56.39
57.54
57.68
56.36
61.3
60.49
59.89
57.63
55.14
54.9
60.28
61.25
63.3
63.56
60.99
62.03
59.32
60.17
58.39
65.49
62.8
59.53
62.99
63.0
58.59
62.69
58.95
60.22
59.51
63.15
60.73
59.92
64.5
63.68
64.09
61.78
57.77
62.21
65.27
64.13
64.41
58.07
59.37
65.0
63.58
65.03
64.88
66.39
64.15
64.59
65.43
66.8
72.52
72.71
72.73
72.26
72.87
73.06
54.47
52.16
48.85
53.73
51.71
53.02
55.28
61.62
65.78
62.89
64.44
66.35
62.61
56.62
57.74
55.53
56.37
64.02
64.18
64.15
67.41
64.14
66.6
58.19
58.35
59.41
67.94
68.71
67.99
67.69
68.22
67.85
68.45
68.32
70.68
69.59
71.43
70.23
68.15
70.48
74.0
71.47
70.39
70.52
72.22
72.04
71.64
73.39
74.04
75.06
74.68
73.8
74.82
74.59
75.06
76.26
75.65
72.97
74.95
77.53
76.21
78.21
73.27
77.84
78.44
76.92
78.21
77.96
77.4
78.28
78.37
76.71
77.75
78.49
78.78
78.51
79.21
80.91
79.5
77.96
77.62
79.37
79.28
78.82
81.18
80.33
80.12
80.38
80.47
79.82
80.0
80.02
80.95
80.8
80.12
80.27
81.76
81.57
82.03
82.31
82.16
81.0
81.35
82.46
80.7
81.95
81.32
82.16
81.62
81.42
82.54
82.77
82.43
84.07
81.91
83.78
83.53
81.92
81.93
83.36
83.81
82.93
83.0
83.88
83.89
82.61
82.87
84.25
83.82
84.0
83.32
83.44
82.05
84.23
84.33
82.76
84.7
83.65
83.9
82.92
83.94
83.78
85.09
84.88
85.98
85.66
86.05
85.67
85.93
86.08
85.68
85.45
85.53
85.57
85.49
85.99
85.95
86.33
85.87
85.99
85.92
86.05
86.13
85.88
85.84
86.15
86.11
86.0
86.23
85.84
85.62
86.11
86.1
85.52
85.76
85.92
85.77
85.38
85.89
85.6
85.12
84.91
85.06
85.16
85.09
85.25
85.22
85.4
84.87
84.76
85.15
85.13
85.48
86.05
85.09
