32.3
45.13
50.22
53.87
57.23
59.13
59.11
68.78
67.38
67.42
69.78
66.17
71.89
72.15
71.88
69.94
75.66
75.3
74.01
77.04
75.98
76.03
80.69
78.92
76.56
74.31
76.82
74.09
77.46
79.9
82.33
81.88
78.92
81.65
80.4
79.86
81.86
82.72
82.52
76.74
81.94
80.62
80.99
81.98
81.76
83.72
81.09
79.05
83.1
79.71
80.25
82.31
84.31
82.83
76.91
81.64
84.53
81.96
81.27
83.93
82.26
81.16
76.68
81.46
84.39
86.61
81.89
84.73
80.25
86.98
81.57
84.68
84.68
84.61
83.16
83.34
83.1
84.21
81.73
84.04
81.76
83.67
82.53
81.14
83.08
84.79
82.51
85.41
85.09
87.7
83.5
82.12
86.86
83.45
85.06
86.78
84.81
86.27
86.38
88.57
89.65
90.18
89.83
90.45
90.58
89.24
89.68
89.65
89.9
89.54
91.22
91.16
90.79
90.83
90.8
90.73
90.92
90.79
91.13
90.88
90.99
91.01
91.09
90.94
90.97
90.85
90.98
91.14
91.02
91.31
91.22
91.4
91.13
91.28
91.24
90.99
91.77
91.39
90.92
90.63
91.08
91.52
91.42
91.34
91.25
91.3
91.57
91.45
91.26
91.3
91.54
91.47
91.48
91.22
91.52
91.62
91.61
91.34
91.77
92.2
91.53
92.13
91.76
92.05
91.89
91.37
91.5
91.47
91.72
92.09
92.15
91.87
90.86
91.7
91.3
92.26
92.12
91.86
90.51
92.18
91.75
91.87
90.14
92.0
91.57
91.95
91.16
92.13
92.46
91.62
91.51
92.45
90.88
91.29
92.2
91.24
91.81
92.63
92.25
91.99
92.0
91.18
92.29
92.12
92.43
92.23
91.93
92.12
90.94
90.55
91.62
92.14
92.01
92.71
92.05
91.89
91.64
92.27
92.35
92.23
92.13
92.41
92.38
92.39
91.68
92.41
92.37
90.28
92.41
92.35
91.55
91.5
91.96
92.21
93.02
92.51
92.25
92.54
92.43
91.5
92.46
91.9
91.81
91.72
92.41
92.36
91.94
92.11
92.51
92.52
92.59
92.8
92.89
92.92
93.03
93.01
92.92
92.92
92.78
92.97
92.85
92.94
92.82
93.27
93.11
92.89
92.91
93.17
93.29
92.97
93.14
93.23
92.94
93.08
93.28
93.15
93.05
93.15
93.07
93.17
93.23
93.19
93.25
93.11
93.28
93.17
92.83
93.18
93.22
93.6
93.2
93.36
93.2
93.09
92.99
93.05
93.69
93.29
93.43
93.3
