14.95
21.81
19.68
18.26
25.21
19.41
24.61
25.24
22.89
24.39
22.96
21.69
29.19
30.66
27.8
26.88
25.05
30.55
31.96
28.84
31.61
33.02
33.91
33.95
34.83
30.83
33.84
34.47
28.78
35.71
34.27
37.14
36.25
35.99
35.9
39.29
36.54
40.12
39.82
40.66
39.98
43.2
38.51
39.11
42.67
42.36
36.45
42.53
38.1
36.16
46.47
46.07
42.6
48.37
45.56
44.44
41.34
50.15
42.21
49.56
41.89
46.86
42.84
42.0
49.24
47.72
48.18
46.51
44.96
44.15
46.33
46.97
44.64
47.79
45.92
49.06
43.01
46.08
51.1
49.25
42.26
47.18
49.97
44.59
44.56
51.24
50.04
50.28
51.82
42.07
44.57
42.99
48.34
47.61
50.03
40.89
49.63
44.29
50.18
56.42
56.7
58.63
58.14
57.55
58.66
10.05
10.0
10.02
56.38
10.0
10.0
10.0
10.0
10.0
10.0
10.0
10.0
10.0
56.22
10.77
10.0
10.0
10.0
10.0
10.0
10.0
10.0
10.0
10.0
46.54
10.0
10.0
10.0
10.0
10.0
10.0
33.72
10.0
10.0
10.0
10.0
10.0
10.0
10.0
10.0
10.0
10.0
10.0
10.0
10.0
10.0
10.0
10.0
10.0
10.0
10.0
10.0
10.0
10.0
10.0
10.0
10.0
10.0
10.0
10.0
10.0
10.0
10.0
10.0
10.0
10.0
10.0
10.0
10.0
10.0
10.0
10.0
10.0
10.0
10.0
10.0
10.0
10.0
10.0
10.0
10.0
10.0
10.0
10.0
9.1
10.0
10.0
10.25
10.0
10.0
12.57
10.0
16.82
10.0
15.19
10.0
10.0
10.0
10.0
10.0
10.0
10.0
10.0
10.0
10.0
10.0
10.0
10.0
10.0
10.0
15.69
10.0
10.0
10.0
10.0
10.0
10.0
10.0
10.0
10.0
10.0
10.0
10.0
10.0
10.0
10.0
10.0
10.0
10.0
10.0
10.0
10.0
10.0
10.0
10.0
10.0
10.0
10.0
10.0
10.0
10.0
10.0
10.0
10.0
10.0
10.0
10.0
10.0
10.0
10.0
10.0
10.0
10.0
10.0
10.0
10.0
10.0
10.0
10.0
10.0
10.0
10.0
10.0
10.0
10.0
10.0
10.0
10.0
10.0
10.0
10.0
10.0
10.0
10.0
10.0
10.0
10.0
10.0
10.0
10.0
10.0
10.0
10.0
10.0
10.0
10.0
10.0
10.0
10.0
10.0
10.0
10.0
10.0
10.0
10.0
