24.46
29.9
37.15
41.69
40.79
42.48
48.63
50.75
51.11
47.02
55.59
54.24
54.12
58.51
57.64
55.73
58.41
53.99
63.46
63.2
61.79
62.13
65.13
63.54
66.24
63.61
66.16
66.77
68.2
61.03
64.69
69.05
71.51
69.94
67.12
69.67
69.24
72.57
68.14
65.2
73.54
72.23
68.45
73.04
72.18
69.75
74.51
74.39
73.69
68.36
76.5
68.06
72.24
72.31
72.85
65.46
74.9
72.55
72.35
73.9
72.59
76.74
70.25
74.18
76.43
75.01
71.58
75.26
71.78
74.17
71.17
76.77
70.61
76.96
76.84
77.93
78.09
77.04
73.7
74.2
77.02
75.87
72.69
74.6
75.34
74.15
77.14
74.68
74.51
75.56
74.61
77.59
74.78
76.15
76.23
77.51
77.07
76.39
78.31
82.01
82.64
83.1
83.35
83.98
84.02
81.48
82.2
82.66
82.1
82.89
83.01
82.35
83.19
83.05
82.96
83.85
84.02
84.28
84.05
84.48
84.32
84.39
84.41
84.04
84.67
84.1
84.47
85.37
85.51
85.38
86.07
85.71
85.5
84.28
85.92
85.51
85.52
85.82
85.58
85.68
84.67
86.83
85.97
85.62
86.32
86.29
86.42
85.73
85.88
85.57
84.78
86.99
86.46
86.43
87.04
86.1
86.53
85.66
86.57
86.65
86.67
87.44
87.19
87.09
87.15
86.71
87.16
86.27
85.76
87.31
86.04
87.04
86.45
86.72
87.15
87.26
88.37
86.5
86.43
87.8
86.7
86.53
86.92
87.31
88.0
87.37
86.85
87.05
86.51
87.26
87.68
87.39
88.01
87.91
87.83
88.67
88.03
88.22
87.0
87.18
86.32
88.31
87.83
87.03
87.85
87.83
87.38
87.5
88.16
87.96
88.51
87.66
87.44
87.76
87.65
86.87
87.26
87.08
87.58
88.28
88.01
86.44
86.72
88.26
87.47
87.92
88.19
87.43
88.39
88.47
88.2
88.41
87.84
88.74
87.45
88.4
87.54
87.69
89.16
88.09
88.13
88.77
88.79
89.18
87.89
88.82
87.94
89.09
87.31
89.42
89.42
89.56
89.43
89.67
89.58
89.84
89.76
89.31
89.61
89.76
89.89
89.71
89.81
89.85
89.76
89.87
89.61
89.87
89.84
89.73
89.89
89.93
89.87
89.59
89.53
89.82
90.11
89.55
89.79
90.05
89.49
89.7
89.87
89.72
89.72
89.91
90.04
89.78
89.86
90.0
90.04
89.78
89.83
89.49
89.69
90.12
89.78
89.86
89.81
89.7
