12.96
9.34
11.34
14.3
13.93
9.86
10.64
12.89
10.49
9.62
12.32
15.58
11.41
10.32
11.04
14.77
12.55
14.92
10.83
11.07
10.6
14.5
9.34
12.25
12.25
16.62
10.79
10.05
9.99
9.87
15.64
15.96
10.03
14.04
10.48
11.21
15.81
12.65
18.83
11.54
15.09
11.21
15.98
15.56
11.57
16.77
16.7
13.49
10.87
16.7
12.56
12.06
15.74
14.44
13.64
13.75
12.14
11.46
10.97
14.5
13.72
15.87
10.24
15.95
13.38
11.4
12.56
15.38
18.22
16.63
12.17
12.56
11.33
18.94
17.27
13.02
15.1
15.48
15.59
16.55
15.42
16.81
14.55
18.74
16.22
12.51
13.93
12.88
16.94
16.4
11.9
11.57
14.17
16.14
18.2
15.05
13.22
16.21
15.53
20.49
20.72
21.24
21.44
17.98
18.49
10.0
10.0
10.0
10.0
10.0
10.0
10.0
10.0
10.0
10.0
10.0
10.0
10.0
10.0
9.29
10.0
10.0
10.0
10.0
10.0
10.0
10.0
10.0
10.0
10.0
10.0
10.0
10.0
10.0
10.0
10.0
10.0
10.0
10.0
10.0
10.0
10.0
10.0
10.0
10.0
10.0
10.0
10.0
10.0
10.0
10.0
10.0
10.0
10.0
10.0
10.0
10.0
10.0
10.0
10.0
10.0
10.0
10.0
10.0
10.0
10.0
10.0
10.0
10.0
10.0
10.0
10.0
10.0
10.0
10.0
10.0
10.0
10.0
10.0
10.0
10.0
10.0
10.0
10.0
10.0
10.0
10.0
10.0
10.0
10.0
10.0
10.0
10.0
10.0
10.0
10.0
10.0
10.0
10.0
10.0
10.0
10.0
10.0
10.0
10.0
10.0
10.0
10.0
10.0
10.0
10.0
10.0
10.0
10.0
10.0
10.0
10.0
10.0
10.0
10.0
10.0
10.0
10.0
10.0
10.0
10.0
10.0
10.0
10.0
10.0
10.0
10.0
10.0
10.0
10.0
10.0
10.0
10.0
10.0
10.0
10.0
10.0
10.0
14.09
10.0
10.0
10.0
10.0
10.0
10.0
10.0
10.0
10.0
10.0
10.0
10.0
10.0
10.0
10.0
10.0
10.0
10.0
10.0
10.0
10.0
10.0
10.0
10.0
10.0
10.0
10.0
10.0
10.0
10.0
10.0
10.0
10.0
10.0
10.0
10.0
10.0
10.0
10.0
10.0
10.0
10.0
10.0
10.0
10.0
10.0
10.0
10.0
10.0
10.0
10.0
10.0
10.0
10.0
10.0
10.0
