18.37
13.76
11.39
20.31
18.57
18.31
22.65
22.09
22.43
25.53
25.04
24.24
26.65
24.74
27.25
21.05
28.37
28.48
27.35
29.65
32.05
28.43
34.15
35.18
32.9
34.61
34.59
30.02
37.4
27.57
33.3
37.38
34.36
33.81
36.73
30.47
34.22
37.01
39.79
36.42
35.63
35.58
44.56
43.67
35.23
41.02
43.34
42.04
43.52
44.89
45.4
40.19
42.66
44.79
44.95
48.24
44.74
44.0
46.22
44.5
46.02
46.9
45.7
44.56
44.69
44.74
46.94
49.17
45.39
41.63
43.86
48.66
50.53
45.8
46.03
49.94
51.14
51.05
49.02
48.99
49.23
44.53
46.15
51.45
49.23
46.1
48.33
45.0
49.27
45.45
43.4
50.88
49.19
52.09
49.21
46.58
47.76
50.84
51.19
55.18
57.26
57.38
56.7
57.88
57.87
56.71
53.44
51.18
43.32
54.11
57.83
56.39
56.88
57.53
56.12
55.85
56.67
58.45
57.87
56.96
55.8
56.72
58.82
10.0
59.8
57.97
58.68
59.05
59.39
59.75
58.13
51.7
41.52
10.0
61.86
55.76
55.5
10.0
61.07
55.24
25.59
52.21
10.0
62.47
55.99
13.98
18.61
32.73
24.76
21.76
26.64
20.72
12.38
50.89
15.17
61.14
43.32
10.0
10.0
10.0
10.0
10.0
10.0
10.0
10.0
10.0
10.0
10.0
10.0
10.0
10.0
10.0
10.0
10.0
10.0
10.0
10.0
10.0
10.0
10.0
10.0
10.0
10.0
10.0
10.0
10.0
10.0
10.0
52.63
12.21
10.0
59.72
24.66
14.28
11.66
12.97
13.69
10.92
13.08
13.45
10.39
11.67
13.43
59.44
15.0
12.98
17.09
14.3
61.48
11.39
12.0
59.71
16.71
13.94
11.64
10.19
16.82
13.44
17.22
12.63
14.87
11.07
17.61
16.79
60.9
14.58
14.27
61.42
15.89
17.28
61.16
14.15
11.14
60.11
14.57
13.16
57.63
16.82
12.86
58.67
41.27
18.45
58.18
16.07
12.82
56.16
16.71
12.58
59.75
60.49
59.88
59.5
55.66
46.51
10.5
10.44
13.42
14.37
13.83
14.5
13.71
14.23
13.94
12.77
13.13
12.91
13.37
13.82
12.68
12.55
14.36
12.7
12.98
13.01
14.33
13.19
13.83
13.29
14.13
13.3
14.34
14.55
14.17
14.28
14.61
14.65
15.17
14.89
16.33
15.54
15.17
15.51
15.22
13.88
14.9
14.85
17.21
17.1
16.33
16.16
