25.56
29.68
34.23
42.0
40.09
47.48
51.37
51.19
53.05
52.02
56.18
57.62
54.33
60.35
58.9
52.92
59.09
58.9
64.39
64.08
64.83
63.13
62.52
62.64
66.17
64.61
67.53
66.32
66.88
64.69
67.95
72.05
68.6
69.21
71.24
72.22
69.77
72.15
68.26
66.56
72.9
72.83
68.73
72.4
74.63
69.44
74.42
73.86
73.33
70.33
75.26
66.84
73.31
73.74
72.51
68.48
77.07
72.35
72.54
75.08
71.09
76.16
71.31
74.51
73.68
68.06
72.3
77.07
72.26
74.9
73.33
76.92
70.66
76.68
75.57
75.55
77.93
76.88
74.86
75.65
76.87
76.77
73.14
74.66
74.67
72.09
76.41
73.75
72.8
78.93
74.27
78.33
72.5
76.25
76.81
78.17
78.5
78.33
77.9
81.52
82.12
82.48
82.94
83.94
83.57
81.32
82.18
82.6
82.44
83.16
83.03
82.35
83.16
82.67
83.5
84.04
84.09
84.72
83.89
84.35
84.38
84.43
84.66
84.58
84.32
84.55
84.86
85.53
85.68
85.25
85.76
86.15
86.01
84.64
85.4
85.56
85.71
86.01
85.5
85.71
85.81
86.91
85.97
85.37
87.21
86.21
86.82
85.7
86.51
86.45
85.59
87.32
86.93
86.42
87.21
86.16
86.63
86.64
86.45
86.62
86.63
87.78
87.55
87.25
87.19
86.65
86.5
86.18
85.24
87.36
86.45
87.86
86.78
86.91
86.65
88.14
88.06
86.71
87.1
87.94
87.71
87.97
86.5
87.53
88.14
87.11
87.03
87.93
87.25
86.8
87.64
87.21
87.98
87.77
87.39
87.86
87.59
88.53
85.98
87.77
87.65
87.78
87.82
87.55
87.47
87.74
88.5
87.64
88.7
88.03
88.63
87.86
88.56
88.28
87.32
87.73
87.19
87.19
87.23
88.58
87.67
87.86
87.32
87.92
88.27
87.97
88.41
88.51
88.03
88.53
88.02
88.53
87.59
88.21
87.29
88.27
88.0
88.0
89.29
87.99
88.02
88.15
89.18
88.2
88.08
88.24
88.14
88.11
88.54
89.51
89.83
89.65
89.52
89.69
89.75
89.73
89.56
89.2
89.65
89.67
89.8
89.65
89.7
89.82
89.78
89.69
89.73
89.64
89.79
89.68
89.99
89.8
89.86
89.4
89.73
89.76
90.01
89.68
89.74
89.59
89.79
89.63
89.79
89.77
89.81
89.74
89.89
89.88
89.95
89.8
89.63
89.68
89.75
89.6
89.53
89.7
89.6
89.45
89.44
89.54
