27.01
29.02
32.3
37.72
40.18
41.89
38.73
45.96
48.33
50.0
48.05
54.77
49.94
53.97
55.55
58.73
59.66
55.98
57.81
62.3
62.64
59.83
56.46
66.49
56.43
62.27
67.22
67.73
66.03
68.81
64.89
67.65
70.56
65.08
65.67
65.62
68.38
68.51
65.04
69.75
71.16
73.74
71.59
70.85
70.47
69.96
72.0
72.74
73.06
73.98
71.93
70.49
68.83
71.2
70.16
75.2
71.5
70.51
73.64
71.16
69.67
72.45
68.56
74.79
69.77
71.9
76.05
75.11
76.15
72.68
71.53
76.56
73.83
76.88
76.82
72.37
79.47
78.46
74.53
74.42
73.57
78.45
75.27
75.72
73.63
73.68
66.9
76.92
73.71
75.64
74.52
73.97
76.31
77.19
68.09
75.5
76.38
76.08
78.01
81.67
82.43
82.7
82.46
83.78
83.64
85.04
84.78
85.65
85.87
85.59
85.82
85.76
86.5
86.45
86.83
86.38
86.5
86.57
86.6
87.46
87.3
86.83
87.44
87.37
87.33
86.91
87.37
86.87
86.99
87.0
86.77
86.85
87.33
86.93
87.47
87.54
87.43
86.95
87.46
87.32
87.03
87.46
86.98
86.96
86.53
87.37
87.16
86.83
87.23
87.47
87.36
87.39
87.79
87.81
87.02
87.22
87.47
87.18
87.26
88.0
87.15
86.8
86.23
86.84
86.86
87.08
86.83
87.66
86.87
86.91
87.94
87.53
86.72
86.82
87.39
86.49
86.68
86.19
86.67
86.76
87.3
86.67
87.07
87.26
87.82
87.45
87.49
87.31
86.83
86.35
86.91
87.5
88.16
87.38
86.58
87.32
87.38
86.77
86.89
87.31
87.5
87.32
87.13
86.46
86.83
87.23
87.56
87.58
87.11
86.57
86.77
87.17
87.04
86.33
86.7
87.0
87.04
86.65
86.76
86.73
87.14
86.0
86.24
87.41
85.61
86.91
87.06
86.67
86.19
87.04
87.28
86.98
85.44
87.42
86.24
86.75
87.33
86.53
87.41
86.69
87.05
87.59
87.6
86.69
87.62
86.51
87.44
87.31
85.71
87.79
87.63
87.91
87.66
87.66
87.65
88.07
87.85
88.09
87.97
88.08
87.79
87.63
87.9
88.09
88.1
87.91
88.28
88.07
88.13
88.14
87.69
88.1
87.87
87.95
87.36
87.68
87.55
87.98
87.68
87.6
87.49
87.77
88.0
87.71
87.86
87.82
87.78
87.88
87.79
87.52
87.59
87.92
87.32
87.82
87.97
87.58
87.47
87.44
87.15
87.17
