29.09
34.09
35.09
36.64
41.82
47.8
48.4
53.86
53.4
50.98
57.47
57.69
54.78
59.24
59.79
56.39
59.11
60.16
64.73
65.94
61.88
65.42
65.81
66.22
67.01
64.48
69.13
67.88
66.91
66.13
66.02
70.81
68.87
70.84
71.51
70.6
68.83
69.97
70.82
64.99
71.88
73.53
66.43
73.68
75.26
70.66
74.65
75.21
71.91
69.87
75.8
68.49
73.47
72.77
75.52
69.92
74.35
72.35
72.99
74.61
72.77
75.65
73.14
71.7
74.99
74.83
71.2
78.03
77.17
74.72
72.25
74.24
72.05
77.18
76.61
77.38
77.09
76.28
75.45
72.41
76.32
76.47
71.71
76.24
75.06
73.54
75.81
75.71
72.45
76.13
74.58
77.67
73.11
79.36
75.8
77.79
77.44
78.19
77.31
82.54
82.88
82.94
83.1
84.14
84.1
81.56
82.54
82.85
82.22
83.67
83.01
82.32
83.11
83.21
83.63
83.68
84.64
85.1
83.8
84.71
85.0
84.71
84.48
85.21
85.19
85.22
84.88
85.9
85.87
85.42
86.41
85.53
85.88
84.87
86.16
85.71
85.49
86.76
86.1
85.82
85.79
86.33
85.89
86.25
86.94
87.13
86.87
86.46
86.48
85.96
85.43
87.06
86.82
86.93
87.22
87.05
86.77
85.98
87.0
86.59
86.65
87.5
87.52
87.36
87.76
86.74
87.61
87.26
86.29
87.14
87.0
87.38
87.02
86.69
87.27
87.69
88.07
87.37
86.78
88.36
88.21
88.03
87.09
88.8
87.8
87.95
86.8
88.26
88.48
87.9
88.39
88.04
88.43
88.66
88.48
87.47
88.47
89.31
87.64
88.28
86.65
88.52
88.54
88.15
88.39
87.95
88.58
86.7
88.84
87.9
88.85
87.18
88.55
87.86
88.09
86.82
88.13
88.1
88.39
88.78
88.6
86.58
86.67
88.87
87.83
88.44
88.27
88.39
88.28
88.03
87.39
88.4
87.78
88.33
87.43
88.21
87.48
88.22
89.36
88.23
88.27
89.0
89.12
88.53
88.32
88.67
88.16
88.91
87.53
89.91
89.97
90.05
89.79
89.94
90.02
90.05
89.96
89.83
89.95
89.87
90.19
90.19
89.91
89.98
90.09
90.02
89.68
90.02
89.83
89.94
90.18
90.17
89.87
89.71
89.85
89.75
90.0
89.75
89.87
90.03
89.91
89.95
89.82
90.05
89.86
89.95
90.1
90.15
90.03
89.86
90.2
90.06
90.36
89.99
89.86
90.1
89.77
90.15
90.11
90.18
