18.05
23.17
23.86
23.17
25.48
29.03
32.72
33.55
31.65
29.93
32.63
31.93
36.3
37.15
42.14
37.61
41.89
41.74
41.2
42.98
42.6
45.8
38.95
46.79
43.96
42.99
49.3
49.54
48.79
50.14
51.94
46.61
53.95
54.72
52.46
54.07
54.92
54.47
52.12
53.37
56.63
53.89
52.62
52.32
52.47
57.06
54.24
57.7
58.65
56.71
56.44
61.49
57.89
56.17
56.56
56.72
59.15
61.08
51.36
55.92
61.05
61.02
60.39
56.59
61.25
62.67
61.9
59.28
58.88
60.97
61.25
60.25
62.59
63.97
61.75
62.73
58.46
62.06
64.56
62.61
66.19
56.42
62.99
58.16
65.81
58.96
63.05
60.29
65.94
62.37
62.4
60.9
61.11
58.09
63.59
63.2
58.38
64.71
64.76
71.46
71.92
71.87
72.49
72.49
71.53
75.28
74.32
75.35
75.16
74.97
76.13
76.18
76.07
76.1
75.79
75.67
76.13
76.01
76.04
76.87
75.15
76.54
76.11
76.66
75.9
75.47
76.38
74.45
75.73
75.41
76.41
76.12
76.44
76.95
76.81
75.79
76.71
76.84
77.59
77.81
77.02
76.93
75.69
76.88
76.25
77.39
77.42
77.03
75.57
75.88
77.4
76.96
77.41
77.21
76.73
78.42
77.15
78.74
77.97
75.83
77.78
77.66
77.09
75.76
77.36
78.38
78.48
75.86
76.15
78.66
78.44
76.7
77.32
76.52
77.17
76.83
79.42
76.29
79.57
78.43
77.13
76.78
78.46
77.32
77.55
78.34
77.1
78.88
76.94
78.68
79.71
80.67
80.21
79.74
78.56
77.8
78.91
80.9
80.03
79.95
78.42
78.32
81.32
78.66
79.36
77.92
78.13
79.12
79.63
79.35
76.64
79.62
79.93
78.76
79.59
79.53
80.6
77.57
79.04
79.43
80.09
80.74
79.42
79.92
77.15
78.03
79.49
80.54
79.27
79.38
79.77
78.71
76.65
78.39
77.23
80.48
78.24
79.97
76.06
76.35
77.66
79.44
73.66
78.28
76.27
77.18
79.06
77.74
79.35
80.22
80.22
79.55
79.84
79.51
78.71
79.52
79.45
78.81
77.49
78.59
78.36
78.25
78.23
78.06
77.89
77.37
77.31
77.62
77.14
78.51
77.93
77.95
76.66
77.32
76.9
77.56
76.92
76.73
75.84
76.51
76.38
75.64
75.83
76.13
76.56
76.01
76.31
76.04
76.13
75.52
75.35
75.86
74.93
75.48
76.26
74.8
75.12
75.13
75.7
76.3
