21.01
26.2
22.45
25.21
29.59
23.8
21.85
32.11
29.47
37.56
33.69
36.46
35.71
34.87
38.8
37.66
35.98
39.13
42.04
42.46
42.35
44.03
43.42
46.63
48.15
43.93
46.11
46.56
44.93
50.73
43.13
50.25
49.55
51.64
50.19
52.6
54.38
52.43
54.68
55.01
56.59
57.44
56.46
55.32
56.92
57.29
57.97
59.22
58.15
56.06
54.38
57.32
57.32
62.14
58.57
56.62
59.91
62.5
55.29
59.07
60.89
55.42
56.39
61.15
63.36
61.5
58.79
58.15
61.77
60.6
56.59
62.67
58.46
61.81
56.38
64.12
62.37
58.66
58.09
62.77
63.59
56.56
63.51
64.73
61.41
63.99
58.13
61.06
64.03
60.87
60.22
62.63
63.13
58.96
63.92
59.82
68.91
62.49
61.2
71.18
72.02
71.91
72.92
72.81
73.06
32.77
72.44
51.4
66.15
49.61
61.94
58.19
57.6
59.4
61.46
65.46
65.14
65.12
65.28
63.42
61.72
56.95
57.32
59.29
59.38
66.91
65.93
66.53
65.91
64.72
66.52
68.13
68.92
69.07
67.63
70.02
70.08
68.9
69.91
71.07
70.23
68.41
70.95
71.55
72.13
71.33
73.0
70.55
72.42
71.51
71.55
73.24
71.57
70.55
73.39
73.0
72.6
74.14
76.31
74.18
73.94
75.33
76.16
77.08
75.46
74.84
75.04
77.08
76.88
74.84
74.82
77.01
77.72
78.03
77.51
76.65
78.02
78.75
77.4
77.41
79.8
78.01
77.27
79.7
78.66
78.27
80.8
78.99
79.16
79.92
79.48
80.72
80.78
81.47
80.95
80.98
82.04
79.4
81.13
82.54
81.25
81.04
79.25
82.02
80.95
81.5
80.74
80.35
82.28
80.97
79.57
81.8
81.29
81.22
80.73
82.93
81.18
81.24
81.09
81.48
81.53
82.68
82.22
82.5
81.78
82.47
82.56
81.14
82.71
82.46
82.9
82.9
82.09
82.39
81.85
83.84
82.12
83.3
83.15
82.72
82.9
82.77
83.15
83.42
83.43
83.39
81.05
82.68
83.35
84.62
84.93
84.75
84.84
84.85
84.72
84.59
84.29
84.83
84.61
84.8
84.84
85.0
84.98
85.33
84.94
85.36
84.85
84.56
84.7
84.99
84.65
84.91
85.45
85.05
85.22
84.98
84.9
84.49
84.41
84.62
85.19
84.56
84.7
85.01
85.11
84.71
84.46
84.62
84.62
84.15
84.92
84.97
84.58
84.97
84.5
84.76
84.57
85.4
84.63
84.62
