31.57
38.14
44.14
48.3
56.3
56.81
54.95
58.47
63.42
59.9
65.89
65.75
70.07
64.56
69.38
69.43
72.56
73.1
74.14
72.62
71.56
73.11
73.16
74.21
73.18
76.66
73.9
76.25
75.34
73.89
74.28
76.19
76.75
74.2
74.54
76.84
74.32
77.97
76.31
76.84
77.32
77.31
77.76
75.28
78.53
76.4
79.97
75.54
79.49
77.61
76.66
78.08
75.79
76.76
80.22
80.39
77.44
78.94
80.04
77.5
80.57
79.06
81.38
81.19
74.85
76.71
81.34
82.45
76.68
74.91
73.69
79.92
80.21
78.39
82.05
80.13
79.17
82.8
80.28
84.14
82.62
79.53
80.22
84.16
82.64
81.89
81.35
81.49
83.05
83.66
81.65
84.09
82.34
83.26
82.17
80.3
81.27
83.64
79.92
87.34
88.05
87.62
87.91
87.71
87.91
89.15
89.32
89.57
88.95
89.61
88.99
89.57
89.23
89.42
89.26
89.44
89.56
89.71
89.43
89.9
89.5
89.6
89.7
89.74
89.91
90.13
89.88
89.84
90.36
89.98
90.15
90.18
90.15
90.26
90.5
90.8
90.41
90.36
90.31
90.61
90.3
90.13
90.27
90.57
90.08
90.36
90.56
90.08
90.97
90.31
90.55
90.14
90.34
89.91
90.6
90.4
90.44
90.13
90.58
90.71
90.31
90.31
90.22
90.12
90.39
90.11
90.63
90.76
89.97
90.65
90.27
90.39
90.46
90.26
90.82
90.92
90.34
90.59
90.45
90.74
90.64
90.59
90.91
90.6
90.76
90.62
91.1
91.32
90.51
90.93
91.18
90.21
90.89
90.95
90.65
91.25
91.35
91.52
91.22
91.1
90.83
90.84
90.55
91.29
91.31
90.87
90.72
91.19
90.71
91.05
91.12
91.04
91.46
91.26
91.36
91.42
91.93
91.24
91.32
91.15
91.11
91.07
91.53
91.46
90.84
90.81
91.02
91.0
91.2
91.56
91.1
91.81
91.69
91.51
91.61
91.72
91.33
91.14
91.69
91.25
90.79
90.93
90.88
90.66
92.05
91.55
91.7
91.07
91.31
92.32
92.45
92.62
92.54
92.5
92.56
92.71
92.62
92.73
92.73
92.78
92.73
92.87
92.8
92.95
92.83
92.96
92.88
93.01
92.88
92.9
92.98
92.87
92.87
92.77
92.88
92.86
92.77
92.85
92.81
93.02
93.01
93.03
92.87
92.94
92.85
92.9
92.73
92.83
92.89
92.87
92.94
93.06
93.02
93.11
92.95
92.75
92.93
92.99
92.86
92.87
