33.38
40.13
46.91
46.26
47.9
48.69
50.85
57.77
50.39
53.06
55.36
56.11
56.32
56.23
64.29
59.04
57.86
60.74
61.99
61.38
58.7
65.93
63.39
58.76
54.58
61.13
58.3
51.8
57.95
57.46
53.88
66.92
53.89
61.04
62.36
60.04
63.42
61.82
64.63
68.55
61.69
60.78
62.13
62.5
63.65
62.76
63.64
61.81
58.23
61.75
63.19
60.75
67.53
62.96
61.81
67.68
62.32
64.44
70.96
60.13
60.9
60.22
69.76
61.5
68.41
62.76
63.82
61.69
69.52
64.84
59.1
66.0
70.27
63.87
65.63
73.26
65.41
66.56
62.76
65.1
70.09
64.05
65.07
61.58
62.78
66.25
65.01
71.8
65.61
64.52
69.44
61.08
60.14
74.15
65.72
64.18
69.77
69.2
65.05
71.08
71.66
72.63
72.36
70.14
72.46
70.17
74.33
69.86
71.22
70.63
69.27
68.2
68.3
69.96
69.96
71.67
72.11
64.94
67.06
71.78
72.31
67.48
69.61
68.26
69.17
69.51
68.76
68.24
67.5
70.87
69.7
69.86
69.11
68.34
72.07
68.18
68.98
68.02
68.9
69.8
67.73
68.43
67.17
66.85
67.94
64.22
70.33
66.32
67.65
68.98
66.81
67.22
68.18
69.23
68.85
69.11
72.12
69.57
68.78
68.25
68.21
70.82
69.18
68.52
70.63
68.83
69.44
67.97
67.98
68.01
67.38
66.78
66.81
66.01
68.24
70.34
68.52
69.04
66.54
70.99
68.34
69.46
68.51
70.61
66.3
65.84
68.43
66.9
68.11
63.69
71.17
67.69
68.2
65.25
66.6
66.97
69.07
64.96
66.32
65.92
66.48
67.68
67.1
66.08
67.44
66.9
67.14
65.34
63.66
68.6
66.53
67.54
68.89
66.53
65.45
68.96
66.83
67.17
71.11
63.85
63.68
67.96
66.68
63.99
66.65
64.68
65.58
68.28
64.42
67.47
68.42
65.07
65.48
64.32
64.86
64.45
67.19
63.56
69.06
68.48
67.28
64.66
69.08
69.6
66.49
67.46
65.28
65.57
68.28
68.26
67.59
68.21
68.33
68.56
67.83
68.34
68.07
67.68
67.78
67.9
67.81
68.06
67.24
67.28
67.24
67.94
68.61
68.31
68.21
68.23
67.85
67.33
67.96
67.83
67.7
66.81
68.28
68.47
68.34
67.73
68.83
68.31
68.83
68.6
68.51
67.51
67.98
68.27
67.89
67.82
68.07
68.51
69.37
67.96
69.0
67.95
68.34
68.39
68.92
68.61
