37.45
42.45
46.37
55.76
55.05
57.14
59.03
58.0
64.0
64.81
64.92
64.45
59.98
68.9
71.47
73.41
67.94
73.15
76.88
72.22
69.76
75.42
74.85
73.3
72.97
77.48
76.31
72.58
73.68
77.86
75.32
75.22
80.3
76.73
79.65
80.43
77.05
76.81
77.05
82.66
78.28
78.83
75.92
81.5
76.81
75.42
78.07
80.0
77.97
78.78
82.64
80.62
80.26
81.16
80.96
83.1
81.09
80.6
79.43
78.19
78.39
83.51
73.77
83.7
84.54
79.78
82.19
80.2
82.96
81.56
80.19
80.02
82.8
78.97
82.23
80.42
82.3
79.46
79.23
80.98
79.53
83.16
82.94
83.02
85.42
82.08
83.09
79.36
80.4
76.71
80.61
79.92
82.3
81.45
83.45
83.17
81.51
77.34
80.79
86.96
87.48
88.19
87.87
88.16
87.19
87.51
88.08
88.27
87.74
88.07
88.94
89.94
90.05
89.31
89.55
89.19
88.78
90.15
89.03
89.6
89.66
90.1
88.69
88.94
88.88
89.8
89.44
89.61
89.03
90.31
89.26
90.37
89.2
88.96
89.06
89.75
89.49
89.99
89.13
89.5
88.76
89.84
89.62
90.0
88.98
90.19
89.01
90.12
89.79
90.5
89.8
89.14
89.34
89.65
90.49
89.27
90.25
89.58
90.49
89.63
89.53
89.75
90.11
89.87
89.58
89.67
90.14
89.23
89.8
89.58
89.9
88.81
90.71
89.69
90.51
90.35
89.24
90.29
90.15
89.29
89.78
90.22
90.68
90.36
90.73
90.37
89.41
90.43
90.66
89.58
89.48
89.89
90.1
90.43
90.26
90.15
90.38
90.08
90.2
89.54
90.14
89.95
89.95
89.55
90.48
89.94
89.79
89.86
89.67
90.6
90.32
89.37
89.64
90.85
90.17
89.77
91.12
89.42
90.15
90.0
90.49
90.41
90.72
89.83
90.54
89.82
90.5
89.38
90.72
89.19
89.96
89.99
89.56
90.4
89.5
89.99
90.38
89.18
89.93
90.49
90.18
90.16
89.06
90.73
89.12
90.01
90.21
89.8
89.6
90.44
90.93
91.07
91.1
91.08
91.18
91.31
91.43
91.01
91.25
91.27
91.52
91.35
91.22
91.39
91.57
91.27
91.51
91.5
91.38
91.4
91.0
91.25
91.04
91.39
91.22
91.53
91.67
91.47
91.42
91.39
91.48
91.49
91.17
91.17
91.58
91.57
91.57
91.19
91.28
91.37
91.31
91.36
91.19
91.56
91.43
91.54
91.5
91.63
91.46
91.58
