32.72
40.15
42.08
47.71
49.12
52.62
55.57
57.58
58.43
63.46
61.58
63.53
65.5
67.24
68.83
63.09
68.88
70.94
68.43
73.87
72.96
73.21
71.32
75.32
74.16
74.37
68.95
75.96
73.71
74.41
75.68
72.84
75.75
72.27
77.38
78.27
76.63
76.34
74.55
75.62
78.0
80.56
78.13
77.47
75.27
75.29
75.02
77.27
79.05
80.76
80.11
80.5
79.62
80.67
75.94
79.43
80.78
77.89
78.25
80.95
78.65
81.72
81.85
79.06
79.74
80.69
81.38
79.07
79.85
82.36
79.01
81.68
82.44
81.03
83.3
82.46
80.2
80.18
82.07
78.33
81.98
81.36
83.53
82.14
82.53
81.3
82.66
84.03
82.88
83.62
81.67
79.85
80.08
82.41
83.65
84.53
83.23
82.73
84.24
87.42
88.08
88.22
88.21
88.95
88.97
87.66
88.2
87.37
88.33
88.09
88.04
88.18
87.94
88.4
88.82
88.6
88.83
88.63
88.85
88.54
88.21
88.87
89.36
89.17
89.09
89.04
89.0
89.17
89.15
89.11
89.89
89.66
89.4
89.51
89.41
88.35
89.59
90.43
89.37
88.43
89.19
90.17
89.51
90.24
89.71
89.6
89.61
90.62
89.39
89.23
90.21
90.37
90.21
90.56
89.39
90.31
90.06
90.24
89.97
89.63
90.59
90.11
90.16
90.73
90.16
90.65
90.53
89.43
90.12
90.13
90.76
90.68
89.84
90.92
90.04
90.82
90.47
91.16
90.35
89.78
90.06
90.73
89.45
90.0
90.15
90.82
89.96
90.35
90.7
91.0
90.93
91.81
90.57
90.62
90.0
91.24
90.25
90.56
90.49
91.18
90.19
91.34
91.28
91.41
87.72
90.22
91.54
91.02
90.78
90.45
90.28
91.69
91.53
91.79
90.66
91.24
90.98
91.32
90.26
91.25
90.57
91.23
89.86
91.67
90.07
91.31
90.18
91.46
90.41
91.74
90.45
91.66
90.78
91.66
90.32
91.5
89.87
91.35
90.8
91.29
89.17
91.47
89.89
91.47
90.25
91.67
89.96
91.67
90.19
91.9
92.15
91.96
92.49
92.35
92.32
92.16
92.57
92.28
92.39
92.3
92.57
92.78
92.63
92.56
92.82
92.49
92.79
92.37
92.67
92.64
92.73
92.48
92.89
92.54
92.68
92.46
92.75
92.5
92.73
92.69
92.79
92.17
92.66
92.53
92.92
92.44
92.71
92.74
92.73
92.58
92.69
92.76
92.79
92.55
92.66
92.58
92.95
92.7
92.87
92.72
