13.48
13.45
18.66
17.68
20.06
19.17
19.42
18.81
21.91
20.3
23.19
25.47
25.19
26.91
27.05
28.22
28.8
25.15
29.52
29.05
32.81
31.98
31.03
28.82
32.12
29.18
33.48
31.77
29.98
35.6
31.83
33.16
36.49
34.59
34.26
34.97
37.09
38.91
38.83
34.91
35.46
34.69
37.58
38.48
34.27
38.15
37.66
40.09
42.09
37.55
44.02
43.62
39.55
37.27
36.94
39.43
47.04
43.9
39.34
39.44
44.75
43.65
41.24
45.6
43.65
44.47
44.35
41.37
44.53
43.15
39.38
39.79
45.92
42.87
46.61
36.63
49.06
41.27
46.02
43.73
42.78
42.24
46.65
44.7
48.03
48.25
50.22
38.56
50.43
46.43
46.83
48.87
44.4
46.3
49.79
49.19
43.33
48.76
46.4
54.57
55.55
54.89
56.94
55.85
56.83
56.25
50.79
53.56
51.56
51.14
57.07
55.57
56.17
56.06
57.15
57.23
57.13
56.57
57.45
56.44
55.78
57.2
56.2
56.71
57.12
57.47
55.68
52.6
50.23
10.0
61.86
59.66
56.83
55.92
21.61
58.55
56.44
50.93
12.36
59.7
54.77
15.44
40.84
11.01
60.84
28.76
21.54
59.22
10.0
41.34
10.0
10.0
10.0
10.0
10.0
10.0
10.0
15.86
10.0
10.0
10.0
10.0
10.0
10.0
10.0
10.0
10.0
10.0
10.0
10.0
10.0
10.0
10.0
10.0
10.0
10.0
10.0
10.0
10.0
10.0
10.0
10.0
10.0
10.0
10.0
10.0
10.0
10.0
10.0
10.0
10.0
10.0
10.0
10.0
10.0
10.0
10.0
10.0
10.0
10.0
10.0
10.0
10.0
10.0
10.0
10.0
10.0
10.0
10.0
10.0
10.0
10.0
10.0
10.0
10.0
10.0
10.0
10.0
10.0
10.0
10.0
10.0
10.0
10.0
10.0
10.0
10.0
10.0
10.0
10.0
10.0
10.0
10.0
10.0
10.0
10.0
10.0
10.0
10.0
10.0
10.0
10.0
10.0
10.0
10.0
10.0
10.0
10.0
10.0
10.0
10.0
10.0
10.0
10.0
10.0
10.0
10.0
10.0
10.0
10.0
10.0
10.0
10.0
10.0
10.0
10.0
10.0
10.0
10.0
10.0
10.0
10.0
10.0
10.0
10.0
10.0
10.0
10.0
10.0
10.0
10.0
10.0
10.0
10.0
10.0
10.0
10.0
10.0
10.0
10.0
10.0
10.0
10.0
10.0
10.0
10.0
10.0
10.0
10.0
10.0
