33.42
37.29
42.12
43.55
53.35
47.21
55.19
52.65
58.48
60.88
58.49
58.63
63.91
66.56
64.9
60.81
65.84
64.99
66.99
62.05
59.65
67.17
62.7
70.2
71.07
69.02
70.32
71.91
65.86
72.53
67.17
72.99
67.28
70.85
65.01
72.13
69.68
71.47
74.72
64.93
71.02
74.29
73.97
69.78
73.41
68.18
70.7
77.86
73.07
74.28
74.11
79.43
73.72
70.22
69.16
69.16
74.91
63.28
79.4
71.66
74.45
74.95
69.78
74.78
75.96
68.87
76.82
74.07
74.29
74.49
74.81
78.01
74.71
72.75
72.1
72.75
77.66
73.0
76.21
75.46
74.15
65.95
73.43
79.22
82.17
73.75
76.72
76.77
78.97
76.61
74.49
81.36
76.98
79.48
78.28
74.01
71.47
75.98
79.14
83.3
82.72
83.2
84.99
84.4
84.49
84.93
85.3
85.46
84.62
86.1
84.53
84.71
85.3
85.02
85.52
84.72
85.09
85.03
85.33
85.41
85.09
84.16
85.21
84.29
85.66
84.65
85.36
83.8
85.3
86.19
85.86
85.44
85.47
85.55
84.65
