32.21
39.84
43.18
45.98
53.21
50.3
52.32
58.33
57.39
58.33
60.56
64.43
65.53
67.94
66.75
68.66
69.26
70.61
70.77
73.45
72.32
74.68
69.49
72.87
71.42
74.49
73.78
66.82
75.14
74.34
71.69
73.31
76.86
77.37
77.13
77.74
73.76
78.73
74.91
75.86
73.18
79.15
78.9
79.21
72.11
78.34
80.39
77.81
77.99
77.56
79.0
79.67
79.97
76.25
80.12
79.69
77.83
77.77
81.27
82.31
78.26
79.67
79.19
80.16
77.41
80.86
80.71
80.53
82.05
82.52
80.65
79.79
80.86
79.08
82.66
82.83
80.38
83.14
83.57
83.01
78.04
81.85
81.5
84.43
78.33
82.85
79.69
82.14
81.01
80.77
82.86
83.6
82.03
82.98
83.12
81.15
80.79
81.34
82.85
87.18
87.79
88.24
88.25
88.36
88.58
86.75
87.27
87.63
87.36
87.63
88.09
88.2
88.03
88.0
87.5
87.88
88.32
88.13
88.58
88.13
88.76
88.25
88.75
88.59
88.9
88.87
88.57
88.36
88.83
88.76
88.64
88.89
89.04
88.1
88.55
88.25
88.99
88.9
88.81
89.77
89.52
89.79
88.86
88.95
89.92
88.55
88.75
90.03
89.69
89.71
89.83
89.56
89.48
89.74
89.16
89.52
89.83
90.46
90.03
89.41
89.47
90.34
90.35
89.79
88.23
89.54
89.86
90.24
90.0
90.09
89.63
89.87
89.93
89.69
90.39
90.39
89.62
90.26
90.33
90.61
89.6
90.98
90.79
90.02
89.22
89.65
89.91
90.3
88.83
89.92
90.54
89.72
90.05
89.91
90.16
90.25
89.77
90.76
90.67
90.36
90.81
90.24
90.96
89.34
90.43
89.65
90.99
90.67
89.84
91.53
88.87
90.09
90.55
91.12
89.94
91.02
89.27
90.66
89.87
90.88
90.34
89.65
89.85
90.6
90.85
91.35
90.74
91.43
90.19
91.42
89.83
90.59
90.38
91.03
89.67
91.24
90.5
91.79
90.46
91.33
90.59
91.2
89.81
91.3
89.73
91.51
90.23
91.21
90.13
91.24
92.0
91.64
92.42
91.67
92.22
91.77
92.27
91.9
92.46
91.96
92.3
92.0
92.58
92.04
92.66
91.81
92.41
92.02
92.55
92.26
92.71
92.14
92.71
92.15
92.47
92.16
92.48
92.12
92.48
91.71
92.53
92.09
92.66
92.1
92.66
92.29
92.56
92.05
92.65
92.18
92.6
92.26
92.59
92.29
92.59
92.38
92.75
91.91
92.65
92.27
