30.23
38.76
43.04
44.24
53.47
48.05
51.03
59.66
54.05
60.23
62.86
59.71
64.99
67.29
64.84
66.09
65.93
72.44
69.89
72.68
73.15
73.7
71.72
73.17
75.01
75.25
75.63
69.95
72.61
74.07
75.46
72.57
74.47
75.62
76.28
79.06
71.94
78.26
76.68
73.49
75.51
77.37
80.22
77.73
73.52
81.05
75.38
79.26
78.09
76.78
78.26
80.88
75.86
77.44
80.24
79.06
79.64
78.89
81.23
81.47
79.03
81.2
79.27
79.63
81.18
81.27
80.18
80.78
79.5
81.76
81.95
83.0
80.49
78.84
82.19
82.46
78.36
81.76
83.15
80.99
80.66
82.22
82.67
81.96
81.01
81.3
77.02
82.45
81.08
80.03
83.53
82.69
82.24
83.47
82.9
78.38
83.01
81.25
83.65
87.49
87.63
87.77
88.06
88.36
88.1
86.65
87.47
87.19
87.63
87.43
87.74
87.94
87.8
87.64
87.75
88.13
88.35
88.32
88.45
88.15
88.72
88.66
89.04
88.34
88.89
88.63
88.25
88.65
89.08
89.06
88.65
89.08
89.04
87.99
88.85
88.95
89.0
89.44
89.09
89.8
89.39
90.07
89.29
89.12
89.52
89.19
89.73
89.87
89.58
90.03
90.3
89.46
89.36
89.7
89.38
89.23
90.43
89.29
90.28
88.64
89.07
89.91
90.35
89.41
89.01
89.09
90.27
90.09
89.81
90.37
89.39
90.18
89.88
89.92
90.52
90.31
89.72
90.34
90.65
90.06
89.93
90.68
90.88
90.54
90.02
89.63
89.96
90.46
89.19
89.86
90.3
89.84
90.33
89.8
90.13
89.47
90.45
90.89
90.98
89.78
90.45
90.08
90.85
90.19
90.1
90.03
90.46
90.76
90.27
90.79
89.5
90.04
90.75
91.15
90.26
91.07
89.73
91.1
90.17
91.27
89.69
90.06
89.35
90.42
90.51
91.18
91.07
91.1
90.1
91.35
90.25
90.31
90.76
90.49
90.43
91.02
90.58
91.12
91.13
91.08
90.47
91.71
90.8
90.9
90.93
89.73
91.36
89.48
91.31
92.11
91.98
92.17
91.93
92.19
91.59
92.15
91.9
92.35
91.9
92.38
91.92
92.41
91.9
92.46
91.95
92.12
91.95
92.15
91.86
92.5
92.13
92.27
92.13
92.31
92.17
92.5
92.06
92.13
92.04
92.43
92.0
92.57
92.13
92.31
91.97
92.63
91.96
92.52
91.85
92.32
91.72
92.57
92.27
92.58
92.14
92.44
91.94
92.05
91.97
92.38
