17.19
16.82
23.04
22.35
24.37
28.09
22.98
28.58
26.77
33.28
28.39
34.56
37.18
38.61
39.0
37.75
36.72
40.32
37.3
41.2
39.78
42.35
43.22
46.37
46.47
47.05
47.54
47.11
46.56
51.45
51.82
50.05
51.93
52.67
52.07
50.7
51.81
52.1
51.34
55.24
52.7
53.51
56.91
58.06
58.77
55.1
58.43
57.2
56.19
54.31
59.89
55.49
56.34
59.42
59.58
60.11
61.26
60.91
58.86
63.27
63.15
64.24
60.1
60.93
62.31
60.91
61.95
63.25
64.03
57.1
52.5
58.08
66.75
61.66
63.18
60.68
55.67
63.11
59.04
60.03
61.93
62.41
60.14
63.33
60.48
65.52
65.52
64.02
64.88
62.0
64.31
66.81
60.52
61.77
65.84
62.81
68.38
59.2
64.91
70.08
70.43
70.74
71.69
72.15
72.3
75.9
75.31
76.06
76.48
76.33
76.92
76.31
76.95
76.44
76.62
76.93
76.8
76.66
76.28
76.3
76.64
76.16
76.95
76.12
76.4
76.57
75.95
76.96
75.99
77.0
76.91
78.11
76.95
77.08
77.25
75.74
76.71
77.47
77.58
76.8
76.2
77.63
75.32
77.68
75.16
76.51
76.99
77.49
79.37
76.07
78.57
76.83
77.27
77.0
78.78
77.99
75.65
75.6
77.68
76.94
78.62
78.14
77.37
77.86
77.4
78.83
78.35
78.34
76.48
78.11
79.42
78.82
79.04
77.55
77.45
76.87
77.65
78.18
76.93
77.56
79.42
79.12
78.5
78.72
78.37
76.63
78.59
78.58
77.63
77.69
79.45
79.63
79.27
79.96
78.63
79.24
79.06
76.59
79.47
80.4
79.46
80.35
78.75
78.69
79.36
79.32
77.92
79.04
80.3
78.99
80.36
77.98
79.39
76.79
76.91
79.55
79.33
78.18
80.26
79.78
80.47
79.96
79.27
80.72
80.13
78.86
80.11
79.5
79.53
80.41
79.71
79.03
76.92
77.94
76.41
80.26
73.7
79.2
78.81
78.1
78.83
76.66
77.07
75.55
78.67
77.82
79.0
77.13
77.42
79.45
79.21
78.61
79.44
77.75
78.27
77.6
78.74
78.15
78.19
78.1
78.61
78.0
78.17
77.11
77.39
77.72
78.2
77.74
77.98
77.57
77.51
77.47
76.53
77.41
76.22
77.0
76.41
76.2
77.22
76.43
76.29
75.84
77.31
77.36
77.19
76.39
76.68
76.63
75.95
76.82
76.04
76.26
76.89
77.19
77.31
76.25
75.58
75.8
74.58
73.95
