14.25
23.75
24.49
25.14
23.13
25.66
33.26
33.71
32.2
29.85
30.83
33.35
37.6
36.93
38.57
41.45
44.13
43.29
42.26
44.35
43.94
45.76
40.61
45.73
48.76
44.46
49.87
46.98
50.68
45.78
48.83
46.8
53.34
55.49
53.0
53.76
53.78
51.9
51.78
50.19
54.14
54.07
52.92
55.86
54.36
57.68
52.83
56.95
59.34
60.13
53.12
57.89
58.43
59.09
54.35
54.49
61.82
59.11
49.82
59.28
63.94
61.5
62.67
57.77
63.09
62.06
61.17
61.14
58.11
64.15
63.37
62.69
63.37
66.89
60.73
66.11
61.19
61.04
66.53
64.11
64.52
56.65
63.57
63.42
65.2
62.06
65.53
59.92
65.74
65.41
60.32
60.5
63.22
64.54
63.35
64.57
61.55
64.81
60.64
70.46
71.21
71.14
72.04
72.26
71.57
75.02
73.96
75.06
75.31
75.03
76.61
75.55
76.19
76.1
75.55
75.72
76.21
75.77
76.63
76.93
76.55
76.91
76.86
76.89
76.13
76.17
77.09
76.42
76.15
75.82
75.82
76.17
76.84
77.67
77.47
77.35
76.57
77.77
76.67
77.53
76.42
76.01
77.71
76.78
76.94
77.44
78.42
77.55
75.53
75.68
76.46
77.88
77.13
78.13
76.95
77.95
78.46
76.93
77.18
76.22
77.84
76.55
77.36
76.68
77.9
78.46
77.44
75.99
74.84
77.91
77.28
77.58
77.1
75.17
77.86
77.36
78.54
76.42
78.0
77.67
78.76
78.31
78.02
77.74
78.73
78.32
80.09
79.07
79.04
76.96
79.08
79.18
78.37
79.47
79.84
78.78
77.82
79.34
80.11
80.17
79.39
79.62
81.11
78.78
77.12
77.83
77.37
77.62
79.76
78.17
76.78
78.81
79.71
78.26
77.29
79.51
79.6
76.69
77.87
80.03
79.98
79.2
79.23
79.46
78.98
77.87
78.55
80.32
78.49
79.74
79.05
79.02
79.41
78.7
78.59
79.35
78.56
79.23
75.81
77.33
79.75
78.45
75.31
78.39
78.23
78.34
76.12
79.07
77.31
79.63
79.51
79.1
79.3
78.81
78.18
78.64
78.11
78.1
78.14
78.04
77.43
77.66
77.73
77.28
77.28
77.35
76.93
77.71
76.74
77.3
77.7
78.04
77.7
77.01
76.63
76.63
76.68
76.69
76.72
77.82
77.72
75.79
76.53
76.09
76.79
76.46
76.22
76.3
75.93
76.78
76.67
76.58
75.85
76.06
76.45
75.58
75.72
76.15
75.92
76.96
