18.63
13.57
10.27
19.14
17.34
16.38
21.62
20.07
18.92
23.43
21.3
21.46
27.27
23.23
30.5
24.08
27.64
29.14
25.37
28.87
32.02
28.72
32.57
34.38
30.42
33.78
32.66
27.04
36.25
26.89
30.59
37.69
34.05
33.95
36.77
27.91
33.92
34.33
36.05
30.18
33.29
34.16
38.29
40.69
31.16
38.67
39.65
36.59
41.36
41.96
41.83
39.77
37.69
41.16
42.1
43.64
41.86
42.48
42.57
45.26
43.82
44.13
44.32
41.75
43.27
42.98
44.39
48.28
44.19
44.01
44.67
43.27
50.19
45.78
44.3
47.69
49.0
49.61
46.23
49.18
51.72
38.78
49.39
51.2
47.13
44.69
48.68
42.15
51.49
46.07
42.17
50.65
48.37
46.85
50.4
42.66
45.96
51.42
47.16
54.86
56.36
55.95
55.5
56.59
55.76
56.65
54.19
44.36
42.19
20.15
56.19
56.52
56.53
56.91
55.09
53.58
55.35
10.0
56.69
58.18
57.29
57.76
57.85
56.76
10.0
57.49
55.11
48.49
56.98
10.0
60.49
56.14
54.61
14.08
60.04
55.96
53.89
10.0
59.98
52.37
13.39
56.76
55.51
31.05
11.87
57.81
18.5
53.11
10.0
61.12
34.36
11.61
58.7
22.86
13.6
58.14
10.0
60.36
13.61
12.56
58.53
14.82
14.72
56.35
10.04
10.0
10.0
10.0
10.0
10.0
10.0
10.0
10.0
54.89
11.48
12.18
58.85
26.51
10.05
56.64
15.49
13.33
57.28
18.4
10.9
60.5
15.8
12.99
59.07
17.91
12.57
14.14
12.12
11.69
52.56
14.12
53.43
11.46
16.97
56.77
17.27
12.34
55.35
13.5
12.72
58.9
13.39
57.45
19.32
11.23
12.46
11.9
12.19
15.0
15.36
11.09
10.86
61.08
14.61
11.71
11.34
17.09
19.48
19.42
17.17
16.28
17.75
14.99
19.93
16.45
60.63
56.9
14.73
58.35
17.05
10.23
23.51
17.16
59.85
14.02
13.13
62.28
12.66
11.75
11.05
29.36
13.16
61.28
57.44
59.16
59.12
59.55
59.43
59.32
59.27
59.32
59.57
59.83
52.58
47.69
40.03
13.19
14.02
12.66
11.53
13.02
13.7
15.49
13.53
11.94
14.47
12.71
13.21
13.23
13.96
12.98
14.52
14.28
13.32
13.13
14.33
13.44
15.99
13.47
15.17
13.21
15.52
12.52
15.68
13.37
15.17
13.96
13.31
13.33
14.38
14.03
15.13
16.98
15.56
15.62
