12.45
9.47
10.01
8.18
13.92
10.39
10.14
10.19
12.61
10.04
12.09
10.4
12.61
14.08
10.0
16.11
13.15
14.48
9.59
15.57
11.18
13.5
11.39
10.0
11.16
10.01
17.97
11.01
10.87
11.54
10.22
14.12
11.51
12.61
14.91
16.47
10.76
12.58
14.85
14.16
10.01
11.51
13.19
18.57
11.27
15.94
13.27
13.47
10.58
11.71
16.2
15.72
15.94
15.66
16.97
14.55
13.98
15.02
11.24
15.95
16.04
15.76
13.92
12.77
14.24
11.31
20.26
19.73
16.24
14.49
18.5
13.83
12.75
12.46
17.66
13.56
17.4
18.85
13.22
16.24
18.47
17.59
14.44
16.58
18.46
13.79
12.1
10.25
14.18
11.95
19.16
17.75
16.77
14.49
17.38
16.23
14.39
19.55
10.46
18.55
19.75
21.1
20.09
20.29
23.14
17.22
17.31
15.72
16.76
13.71
9.97
9.97
10.29
12.32
12.78
12.52
11.76
10.02
10.0
10.0
10.0
17.62
10.7
11.7
11.9
18.87
15.75
14.43
10.0
10.0
10.0
12.49
9.02
10.0
9.94
10.0
9.96
10.0
10.0
10.0
10.0
10.0
10.0
10.0
10.0
10.0
10.0
10.0
10.0
10.0
10.0
10.0
10.0
10.0
10.0
10.0
10.0
10.0
10.0
10.0
10.0
10.0
10.0
10.0
10.0
10.0
10.0
10.0
10.0
10.0
10.0
10.0
10.0
10.0
10.0
10.0
10.0
10.0
10.0
10.0
10.0
10.0
10.0
10.0
10.0
10.0
10.0
10.0
10.0
10.0
10.0
10.0
10.0
10.0
10.0
10.0
10.0
10.0
10.0
10.0
10.0
10.0
10.0
10.0
10.0
10.0
10.0
10.0
10.0
10.0
10.0
10.0
10.0
10.0
10.0
10.0
10.0
10.0
10.0
10.0
10.0
10.0
10.0
10.0
10.0
10.0
10.0
10.0
10.0
10.0
10.0
10.0
10.0
10.0
10.0
10.0
10.0
10.0
10.0
10.0
10.0
10.0
10.0
10.0
10.0
10.0
10.0
10.0
10.0
10.0
10.0
10.0
10.0
10.0
10.0
10.0
10.0
10.0
10.0
10.0
10.0
10.0
10.0
10.0
10.0
10.0
10.0
10.0
10.0
10.0
10.0
10.0
10.0
10.0
10.0
10.0
10.0
10.0
10.0
10.0
10.0
10.0
10.0
10.0
10.0
10.0
10.0
10.0
10.0
10.0
10.0
10.0
10.0
10.0
10.0
10.0
10.0
10.0
10.0
10.0
