27.19
32.69
35.17
44.22
44.43
43.72
44.13
42.36
51.29
52.12
51.2
54.63
52.57
57.27
58.0
58.94
61.77
59.07
59.51
64.43
63.61
63.58
62.97
66.85
61.2
63.74
69.51
68.1
66.02
68.31
68.22
68.24
71.2
63.18
65.49
68.97
70.98
69.63
70.29
69.32
73.6
72.29
70.77
71.48
73.27
67.26
73.48
74.46
72.78
74.09
73.22
70.65
71.63
72.77
70.0
74.27
75.34
72.19
75.65
73.67
69.34
68.27
70.47
73.34
74.2
71.36
76.55
73.94
77.02
75.17
74.81
75.0
71.86
75.06
77.26
69.92
79.24
75.45
75.79
74.96
71.41
78.63
75.9
74.5
72.4
72.44
69.12
76.63
73.86
76.56
76.32
75.3
73.88
76.69
70.17
75.76
77.48
74.07
77.85
81.44
82.27
82.69
82.66
83.63
83.56
84.94
85.2
85.51
85.7
86.0
85.95
86.05
86.06
86.34
86.63
86.41
86.77
86.67
86.74
87.2
87.21
86.68
87.3
87.43
86.85
86.58
86.97
86.68
87.02
86.83
86.81
87.04
87.14
87.08
87.12
87.62
87.11
87.48
87.74
86.69
86.92
87.49
87.52
86.96
87.11
86.8
86.97
86.65
87.32
87.56
87.04
87.58
86.85
86.62
86.77
86.82
86.36
87.0
86.94
87.84
86.42
86.47
86.29
87.61
