17.9
20.61
22.39
27.18
24.07
25.34
25.72
27.37
31.85
31.83
31.86
34.5
36.24
39.41
36.81
40.3
39.76
41.65
41.77
42.78
42.32
42.93
41.1
47.85
42.11
44.22
41.39
50.25
48.79
45.5
50.05
49.22
52.92
44.35
51.76
51.14
49.94
57.46
54.93
56.47
58.57
49.98
50.02
49.62
56.66
49.14
58.5
54.39
56.69
56.3
56.38
60.83
56.33
57.6
57.19
56.64
52.56
55.26
57.02
59.94
59.01
60.23
60.04
53.56
58.66
56.4
63.9
61.93
59.61
59.58
60.65
60.9
60.08
59.56
60.73
55.45
64.08
58.63
58.68
63.56
62.19
60.34
60.06
55.63
62.4
65.11
65.85
63.96
60.33
60.55
67.75
66.01
63.74
62.56
65.09
62.96
58.06
62.78
63.69
71.76
71.92
72.2
71.65
72.08
72.58
55.52
61.69
49.32
53.66
51.59
63.65
61.79
62.98
63.48
61.17
64.24
63.79
62.5
63.95
63.18
61.93
62.45
64.83
56.93
66.14
66.21
64.65
65.37
59.12
57.26
66.23
66.54
67.83
69.32
65.29
58.49
68.98
66.73
67.51
68.46
67.93
66.79
67.76
69.37
69.86
71.99
70.01
68.65
70.53
72.14
70.13
70.55
72.51
73.05
73.18
73.39
73.26
73.42
74.47
75.97
73.7
75.24
73.66
74.21
76.95
76.29
76.93
75.95
76.67
75.39
75.6
75.46
76.3
76.05
76.58
76.9
76.94
77.84
74.72
76.27
76.19
78.04
77.82
76.51
77.83
77.62
77.57
78.27
77.62
79.1
79.14
78.57
79.43
80.01
78.95
79.35
80.16
80.8
78.46
79.04
79.58
80.37
81.49
80.65
81.87
80.65
80.32
80.41
79.38
80.12
81.43
79.58
81.36
81.08
79.46
77.77
81.8
82.54
82.22
80.41
82.2
82.36
82.08
81.53
81.44
82.96
82.82
81.24
83.07
83.88
83.17
83.01
82.84
83.68
83.01
83.22
82.22
82.9
83.45
82.2
83.17
85.45
84.4
83.76
83.31
84.08
83.61
85.12
83.73
85.58
85.15
85.72
85.1
85.2
85.66
85.38
85.56
85.59
85.54
85.47
85.44
85.89
85.96
85.79
85.8
85.78
85.91
85.89
85.57
85.4
85.94
85.79
85.84
85.94
85.41
85.74
85.81
86.05
85.63
85.83
86.25
85.95
85.55
86.09
85.77
86.09
86.12
85.86
85.84
86.06
85.96
85.66
85.77
85.81
85.64
85.95
85.67
85.65
86.28
85.59
