10.63
7.96
12.04
12.71
13.53
10.14
10.59
9.75
12.96
12.88
10.86
11.98
12.52
10.03
10.06
13.5
16.31
17.46
9.93
10.43
13.64
14.41
9.43
11.92
12.4
15.59
9.83
9.94
10.54
10.02
16.62
15.63
10.19
13.5
10.58
10.99
15.57
12.5
19.96
10.02
12.09
9.71
18.36
14.81
13.59
17.05
15.96
12.43
14.52
14.97
10.71
13.41
14.67
11.97
12.7
11.11
12.22
10.71
10.18
13.58
12.76
16.33
10.89
15.2
12.25
10.47
11.14
13.33
17.76
16.32
13.88
13.1
11.83
17.39
17.07
15.88
16.84
14.4
15.32
17.15
16.23
20.55
11.31
16.85
16.87
14.53
16.14
11.49
16.92
16.51
10.65
12.21
15.28
16.44
17.84
18.77
13.3
16.04
15.5
21.55
21.36
21.12
23.91
20.07
20.32
10.0
10.0
10.0
10.0
10.0
10.0
10.0
10.0
9.99
10.0
10.0
17.17
10.0
10.0
10.0
10.0
10.79
10.0
10.0
10.0
10.0
10.0
10.0
10.0
10.0
10.0
10.0
10.0
10.0
10.0
10.0
10.0
10.0
10.0
10.0
10.0
10.0
10.0
10.0
10.0
10.0
10.0
10.0
10.0
10.0
10.0
10.0
10.0
10.0
10.0
10.0
10.0
10.0
10.0
10.0
10.0
10.0
10.0
10.0
10.0
10.0
10.0
10.0
10.0
10.0
10.0
10.0
10.0
10.0
10.0
10.0
10.0
10.0
10.0
10.0
10.0
10.0
10.0
10.0
10.0
10.0
10.0
10.0
10.0
10.0
10.0
10.0
10.0
10.0
10.0
10.0
9.46
10.0
10.0
11.83
10.0
10.0
10.0
11.8
10.0
10.0
10.0
10.0
10.0
10.0
10.0
12.12
10.0
10.0
10.0
10.0
10.0
11.42
10.0
10.0
10.0
10.0
10.0
10.0
10.0
10.0
11.43
10.0
10.0
10.0
10.0
10.0
10.0
10.0
10.0
10.0
10.81
10.0
10.0
10.0
10.0
10.0
11.38
10.0
10.0
10.0
10.0
10.0
10.0
10.0
10.0
10.0
10.0
10.0
10.0
10.0
10.0
10.0
10.0
10.0
10.0
10.0
10.0
10.0
10.0
10.0
10.0
10.0
10.0
10.0
10.0
10.0
10.0
10.0
10.0
10.0
10.0
10.0
10.0
10.0
10.0
10.0
10.0
10.0
10.0
10.0
10.0
10.0
10.0
10.0
10.0
10.0
10.0
10.0
10.0
10.0
10.0
10.0
10.0
10.0
