23.87
29.58
34.76
41.33
43.68
41.69
38.05
43.64
47.97
48.74
48.78
52.08
52.75
55.37
59.52
56.99
56.38
57.75
58.9
65.55
60.34
63.87
57.32
66.58
63.11
65.93
67.92
67.56
65.26
69.37
66.36
66.39
68.14
66.18
66.72
68.06
65.24
69.01
68.76
68.65
72.16
72.59
72.1
71.15
71.91
69.95
71.05
72.81
71.03
73.8
73.79
69.78
71.68
69.64
67.23
72.28
71.16
70.43
73.01
71.03
72.56
69.17
69.73
72.52
71.86
69.3
75.12
72.92
76.13
73.4
73.76
75.29
74.98
75.3
76.39
70.01
77.61
75.42
74.45
73.77
70.73
77.3
73.65
74.42
69.8
72.02
67.13
76.9
74.35
76.81
73.02
72.55
72.72
78.35
69.81
72.28
75.82
75.77
75.1
81.43
82.02
82.44
82.35
83.29
83.17
84.27
84.62
85.33
85.63
85.79
85.84
85.98
86.45
86.67
86.66
86.62
86.6
86.79
86.59
87.05
86.91
86.72
87.51
87.33
86.96
86.99
86.93
87.45
87.46
87.54
87.09
86.92
87.0
87.34
87.09
87.28
87.68
87.08
87.48
87.09
87.02
87.52
86.61
86.87
86.41
86.48
86.4
86.13
86.11
87.35
86.47
86.7
87.15
87.55
86.78
86.89
86.63
86.61
87.1
86.84
87.08
86.69
85.74
86.71
87.59
87.24
86.57
86.25
86.89
86.11
86.91
87.15
87.06
86.51
86.9
86.75
85.86
85.99
86.63
87.07
87.01
86.41
86.11
85.77
87.4
86.58
87.14
86.37
86.61
85.74
85.91
87.34
87.39
87.55
85.53
86.65
87.19
87.27
86.18
86.55
86.89
86.78
86.93
86.24
86.18
86.9
86.5
86.17
85.86
85.57
86.67
87.29
87.36
86.17
86.93
85.95
86.72
85.36
85.38
86.18
86.11
86.46
86.71
86.9
86.9
86.78
86.1
87.2
86.59
86.72
86.7
86.42
85.97
87.02
86.68
85.9
86.08
86.2
86.94
86.58
87.02
86.68
86.79
86.35
86.44
85.65
86.41
85.8
86.11
87.7
87.54
87.61
87.51
87.24
87.27
87.11
87.23
87.36
87.18
87.19
87.04
86.92
87.21
87.14
87.03
87.06
87.37
87.1
87.3
87.15
87.0
87.21
87.25
87.16
86.73
86.99
87.44
86.65
86.62
86.4
86.9
86.93
86.74
86.62
87.08
86.78
86.9
87.01
86.78
86.44
87.02
86.12
86.55
86.67
86.43
86.46
86.49
86.58
86.62
86.52
