19.14
21.39
21.72
26.96
23.27
26.85
27.29
33.44
32.52
30.33
32.18
36.88
35.76
41.08
37.37
42.02
41.79
41.9
43.84
42.73
45.12
47.93
46.22
52.55
48.92
48.61
33.51
52.0
49.55
48.51
52.62
52.05
51.82
46.7
55.9
55.42
49.85
58.04
53.38
57.68
56.28
52.19
55.93
50.56
56.87
54.4
60.61
59.44
61.57
55.6
56.75
60.72
58.7
59.86
59.44
58.2
54.22
61.8
60.66
64.33
61.36
59.43
62.89
57.52
62.64
58.5
66.01
64.86
58.38
62.83
62.08
57.47
63.47
62.14
62.39
61.47
63.37
61.82
64.47
65.38
63.14
63.69
64.36
58.36
60.8
63.86
65.22
65.11
60.89
62.98
66.53
65.48
64.0
65.29
64.65
64.01
64.74
62.26
63.73
72.21
72.32
72.78
72.24
72.91
72.82
55.55
65.32
61.64
62.42
60.95
63.55
62.15
63.43
63.85
61.89
64.52
65.23
64.12
59.05
65.52
63.46
64.07
63.71
64.78
65.85
66.22
64.42
68.03
67.78
67.22
66.2
69.04
69.67
70.36
69.71
69.16
68.81
69.76
70.81
72.03
70.8
72.97
71.62
71.33
72.78
74.75
73.61
71.65
73.64
73.9
73.97
73.66
75.26
75.97
75.99
76.72
74.96
75.26
75.4
77.39
78.06
77.9
73.8
75.65
78.75
77.03
78.4
78.66
79.29
78.94
77.68
78.23
79.56
79.78
78.11
80.4
77.51
78.45
77.49
79.5
78.34
80.27
81.27
79.44
78.82
78.16
79.65
79.09
79.12
81.42
80.92
81.09
81.33
81.87
80.91
81.09
81.69
82.79
81.63
81.51
81.71
82.78
82.45
83.65
84.18
82.43
82.55
82.19
83.14
82.11
83.19
82.31
84.06
82.18
81.79
82.65
83.5
83.92
83.72
81.36
83.71
83.72
83.31
82.95
82.71
84.55
84.21
83.69
83.96
83.68
83.85
84.13
83.86
84.68
84.06
84.21
84.6
83.83
84.19
84.26
83.61
84.54
83.74
84.62
82.89
85.14
84.04
84.73
84.4
85.93
85.97
86.14
85.88
85.99
86.06
85.81
86.29
85.83
86.09
86.06
86.15
85.89
86.46
86.11
86.27
86.39
86.44
86.13
86.14
86.05
86.27
86.15
86.09
86.04
86.19
86.08
86.16
86.46
85.95
86.46
86.77
86.46
86.39
86.7
86.09
86.3
86.53
86.32
86.25
86.44
86.26
86.01
86.18
86.14
85.66
86.18
85.72
85.41
86.34
86.0
