10.07
13.78
7.57
11.56
9.89
10.7
12.69
9.45
9.71
12.87
10.0
13.7
16.09
10.0
16.1
15.04
12.61
15.75
14.79
16.6
10.49
11.14
13.41
12.46
11.66
13.54
16.72
14.6
14.85
17.01
13.59
14.02
15.61
16.43
15.12
12.98
12.3
10.1
17.04
13.54
12.16
16.09
10.81
13.63
19.11
18.88
19.62
17.21
16.28
17.9
12.06
14.87
11.56
12.48
15.4
16.29
11.78
13.77
13.03
19.21
13.74
16.37
19.5
17.57
16.38
13.03
10.01
18.01
14.99
13.63
18.33
15.8
14.48
13.87
15.41
17.96
15.11
14.62
11.0
15.13
12.94
14.17
10.59
17.24
15.77
15.46
16.99
16.55
12.65
16.15
16.93
18.21
18.99
17.85
13.19
12.06
18.13
17.56
16.43
18.8
20.87
19.16
21.73
20.32
20.25
17.32
11.8
13.8
13.3
18.12
10.54
10.0
10.0
10.0
10.0
10.0
10.0
10.0
13.75
10.27
9.89
12.06
10.18
10.28
10.59
10.07
10.0
10.0
10.0
10.0
10.0
10.0
10.0
10.0
15.59
10.0
10.01
10.2
10.08
10.0
10.0
10.0
10.0
10.0
10.0
10.0
10.0
10.0
10.0
10.0
10.0
10.0
10.0
10.0
10.0
10.0
10.0
10.0
10.0
10.0
10.0
10.0
10.0
10.0
10.0
10.0
10.0
10.0
10.0
10.0
10.0
10.0
10.0
10.0
10.0
10.0
10.0
10.0
10.0
10.0
10.0
10.0
10.0
10.0
10.0
10.0
10.0
10.0
10.0
10.0
10.0
10.0
10.0
10.0
10.0
10.0
10.0
10.0
10.0
10.0
10.0
10.0
10.0
10.0
10.0
10.0
10.0
10.0
10.0
10.0
10.0
10.0
10.0
10.0
10.0
10.0
10.0
10.0
10.0
10.0
10.0
10.0
10.0
10.0
10.0
10.0
10.0
10.0
10.0
10.0
10.0
10.0
10.0
10.0
10.0
10.0
10.0
10.0
10.0
10.0
10.0
10.0
10.0
10.0
10.0
10.0
10.0
10.0
10.0
10.0
10.0
10.0
10.0
10.0
10.0
10.0
10.0
10.0
10.0
10.0
10.0
10.0
10.0
10.0
10.0
10.0
10.0
10.0
10.0
10.0
10.0
10.0
10.0
10.0
10.0
10.0
10.0
10.0
10.0
10.0
10.0
10.0
10.0
10.0
10.0
10.0
10.0
10.0
10.0
10.0
10.0
10.0
10.0
10.0
10.0
10.0
10.0
10.0
10.0
10.0
