8.72
9.9
10.0
15.38
12.46
13.56
12.43
10.0
13.61
11.14
9.79
13.99
13.56
10.01
13.79
14.36
13.28
14.28
14.09
16.12
11.44
11.25
12.01
13.59
17.54
15.06
16.23
13.75
16.06
17.64
13.79
16.07
15.13
16.28
14.22
16.96
11.55
10.5
16.08
10.29
12.79
16.36
12.16
12.24
18.39
17.91
16.7
18.89
17.81
16.04
13.92
14.09
13.26
12.21
16.92
17.41
10.49
14.24
13.55
19.03
14.26
19.86
18.43
14.57
18.09
15.08
12.54
20.48
13.91
16.72
19.54
15.94
15.42
18.92
11.92
21.69
14.96
16.67
10.34
16.71
14.43
15.18
10.5
18.25
16.76
15.13
18.41
19.42
12.1
21.32
17.39
21.46
20.79
17.83
13.84
12.44
17.6
16.84
18.18
21.91
22.02
20.99
22.26
21.54
21.32
19.26
17.56
14.85
14.95
17.44
12.46
10.11
10.14
16.05
10.45
11.74
12.56
10.68
10.76
9.53
13.39
16.99
12.19
8.45
10.8
10.14
10.0
10.0
9.24
11.81
10.0
10.41
10.0
10.01
10.0
10.0
10.0
10.0
11.47
11.59
10.0
8.59
10.0
10.0
10.57
10.0
10.0
12.24
10.0
10.0
10.0
10.0
10.0
10.0
10.0
10.0
10.0
10.0
10.0
10.0
10.0
10.0
10.0
10.0
10.0
10.0
10.0
10.0
10.0
10.0
10.0
10.0
10.0
10.0
10.0
10.0
10.0
10.0
10.0
10.0
10.0
10.0
10.0
10.0
10.0
10.0
10.0
10.0
10.0
10.0
10.0
10.0
10.0
10.0
10.0
10.0
10.0
10.0
10.0
10.0
10.0
10.0
10.0
10.0
10.0
10.0
10.0
10.0
10.0
10.0
10.0
10.0
10.0
10.0
10.0
10.0
10.0
10.0
10.0
10.0
10.0
10.0
10.0
10.0
10.0
10.0
10.0
10.0
10.0
10.0
10.0
10.0
10.0
10.0
10.0
10.0
10.0
10.0
10.0
10.0
10.0
10.0
10.0
10.0
10.0
10.0
10.0
10.0
10.0
10.0
10.0
10.0
10.0
10.0
10.0
10.0
10.0
10.0
10.0
10.0
10.0
10.0
10.0
10.0
10.0
10.0
10.0
10.0
10.0
10.0
10.0
10.0
10.0
10.0
10.0
10.0
10.0
10.0
10.0
10.0
10.0
10.0
10.0
10.0
10.0
10.0
10.0
10.0
10.0
10.0
10.0
10.0
10.0
10.0
10.0
10.0
10.0
10.0
10.0
10.0
