26.84
31.13
31.04
39.68
42.75
44.97
47.23
45.28
53.66
54.01
47.52
49.22
55.33
52.02
54.1
53.95
57.48
56.62
58.72
63.47
59.03
62.41
59.89
60.48
64.1
60.37
62.89
68.73
66.37
68.15
65.71
65.87
63.85
66.71
67.05
68.5
69.44
67.48
67.76
65.38
69.05
69.53
70.3
71.79
70.3
71.44
69.45
69.42
69.96
68.43
74.64
69.08
66.63
71.61
71.57
71.04
73.68
68.85
71.63
72.75
69.63
71.03
73.16
73.28
75.1
72.86
73.74
73.15
74.38
73.16
73.71
73.85
71.64
73.87
75.49
69.39
75.3
75.44
75.88
69.08
76.79
75.22
74.4
74.99
67.44
76.57
72.14
76.87
76.9
75.85
78.25
77.71
72.95
75.33
75.4
78.0
75.62
79.41
73.4
81.33
82.15
82.74
82.55
82.83
83.43
84.68
85.02
84.54
85.12
84.38
85.71
85.66
85.75
85.85
86.04
85.98
86.32
86.35
86.5
86.77
86.61
86.39
86.54
86.3
86.33
86.79
86.62
86.86
86.82
86.97
87.37
87.09
86.13
87.01
87.36
86.92
86.98
87.01
86.84
86.45
86.82
86.44
87.55
87.2
86.76
87.4
87.15
86.97
87.18
86.52
86.89
86.8
86.72
87.06
87.05
87.38
87.51
86.92
86.59
87.4
87.2
87.1
87.08
86.23
86.46
86.79
86.77
86.43
87.2
87.55
87.25
87.03
87.33
87.18
86.89
87.09
86.24
87.24
86.87
87.0
86.82
87.37
87.53
87.74
87.21
87.73
87.13
86.79
87.38
87.06
87.15
86.87
87.12
86.42
87.15
86.98
86.33
87.32
86.91
87.12
86.69
87.01
87.63
87.08
86.3
86.68
86.25
87.27
86.35
86.42
87.21
87.16
86.19
86.58
86.75
86.86
87.5
87.02
87.15
87.11
87.55
87.08
86.56
86.4
87.1
86.99
86.36
86.96
86.91
86.84
86.37
86.68
86.61
86.31
86.36
86.92
86.36
87.17
86.82
86.57
86.18
86.49
87.17
86.62
85.91
86.29
87.02
86.77
86.97
87.99
87.78
87.94
87.93
87.94
87.78
87.74
88.09
87.77
87.75
87.83
87.73
87.74
87.68
87.78
87.45
87.45
87.71
87.86
87.25
87.63
87.78
87.47
87.23
87.3
87.22
87.41
87.25
87.22
87.45
87.44
87.51
87.48
86.83
87.54
87.19
87.27
87.08
87.45
87.36
87.4
87.26
86.89
87.1
86.84
87.04
87.62
86.78
87.2
87.33
86.92
