18.24
23.22
21.48
27.03
22.41
24.8
27.59
26.91
32.49
31.22
32.57
33.33
32.89
34.1
34.7
39.1
38.42
38.75
41.58
38.89
42.99
43.43
41.55
48.76
43.19
48.19
41.78
49.98
49.59
46.85
51.97
50.21
53.62
49.03
54.05
51.35
49.27
57.47
53.15
57.05
55.1
50.18
51.76
51.73
54.94
42.3
56.65
52.58
55.45
57.08
55.34
55.33
57.09
59.37
57.08
57.1
50.91
60.8
56.38
62.12
61.64
58.34
62.98
58.57
60.76
59.96
62.73
63.44
61.16
61.57
62.31
60.91
61.71
60.2
62.66
59.25
62.85
62.48
61.71
61.32
64.53
63.88
56.14
58.71
61.45
62.76
64.29
64.21
59.26
62.27
65.16
64.59
65.04
63.57
65.37
64.16
58.24
63.29
66.83
71.96
71.9
72.67
72.18
72.48
72.91
58.18
59.23
49.88
55.23
52.27
62.58
60.89
62.63
63.23
55.39
64.18
57.41
60.34
63.84
62.84
62.16
59.69
63.68
55.08
63.24
64.59
62.34
64.92
57.9
60.63
63.06
65.03
66.03
68.23
66.7
60.39
67.56
65.21
66.91
69.02
66.71
66.04
65.78
62.96
67.95
68.25
69.69
68.12
66.13
71.43
68.98
68.84
70.2
70.11
72.22
71.08
71.31
70.9
70.77
74.31
74.07
73.15
71.95
74.02
76.59
75.28
77.52
75.76
77.37
76.53
77.05
76.83
77.58
77.5
77.78
78.99
76.42
76.52
76.27
78.44
78.34
79.58
79.56
79.14
77.45
77.85
80.44
78.91
78.69
80.93
80.81
80.09
80.39
81.29
79.09
80.26
81.28
80.51
81.26
79.97
80.61
81.38
81.75
82.21
82.26
80.78
80.7
81.9
81.85
80.62
82.37
82.11
83.15
82.17
80.61
82.13
82.36
82.87
83.69
81.73
83.3
83.21
82.41
81.44
83.46
83.5
83.5
81.93
83.09
83.86
82.46
83.03
83.66
83.6
83.91
83.64
82.8
83.33
83.89
82.92
82.2
82.3
84.43
83.88
81.21
84.03
82.65
84.95
83.76
85.33
85.18
85.63
85.2
85.21
85.5
85.38
85.4
84.99
85.47
84.81
85.23
85.43
85.93
85.66
85.71
85.66
85.74
85.65
85.56
85.45
86.26
85.88
85.84
85.86
85.16
85.84
85.83
85.91
85.51
85.99
86.26
85.91
85.65
85.81
85.51
85.82
85.77
85.46
85.24
85.45
85.0
84.75
84.84
84.82
84.73
84.97
84.88
84.98
85.76
85.09
