32.51
40.96
46.05
47.87
56.46
54.74
54.37
61.54
63.49
59.45
65.87
62.58
69.21
63.18
67.47
68.79
71.57
73.39
75.35
71.3
72.46
70.31
72.63
73.6
71.26
74.18
73.71
75.03
73.88
72.31
76.97
76.69
73.78
72.8
74.02
78.23
74.5
78.71
75.55
79.15
78.07
78.71
77.57
77.45
79.33
76.93
77.83
76.14
76.91
76.09
78.75
78.01
76.08
78.72
78.02
81.47
78.2
77.87
79.32
77.26
79.07
76.49
80.81
79.98
76.55
76.45
81.47
82.37
71.97
76.43
77.67
81.59
80.0
74.85
80.49
81.77
79.8
83.73
76.19
82.45
81.55
77.85
79.38
82.5
81.41
82.24
80.51
78.13
80.9
82.91
80.33
84.33
81.85
82.96
82.79
79.03
81.11
83.64
84.05
87.68
88.31
87.48
88.28
87.95
88.38
89.53
89.47
89.76
89.16
89.8
89.3
89.67
89.55
89.42
89.39
89.7
89.55
89.83
88.92
90.02
89.41
89.69
89.74
90.04
90.02
90.05
90.19
89.83
89.88
90.21
90.31
90.36
90.73
90.4
90.17
90.49
90.45
90.21
90.38
90.62
89.87
90.67
90.29
90.87
90.6
90.74
90.41
90.07
90.61
90.11
90.13
90.18
90.73
90.32
90.34
90.61
90.53
90.47
90.53
90.1
90.65
90.33
90.01
90.37
90.61
90.38
90.72
90.54
91.01
90.94
90.5
90.83
90.92
91.0
91.52
91.1
90.22
90.94
90.82
90.89
90.82
91.16
90.96
91.48
91.55
91.06
91.39
91.42
91.52
90.9
90.94
90.94
90.77
91.05
90.5
91.28
91.16
91.45
91.11
91.66
91.23
91.19
91.61
90.86
91.53
91.05
91.05
91.72
91.19
91.28
91.82
91.17
91.52
91.75
91.46
91.56
91.41
91.35
91.29
91.74
91.6
91.62
91.25
91.23
91.36
91.67
92.09
91.24
91.37
91.73
90.81
91.57
91.31
91.12
91.35
91.37
91.78
91.42
91.82
90.72
91.95
91.43
91.59
91.48
91.74
92.06
91.72
91.87
91.11
92.27
92.49
92.51
92.68
92.66
92.54
92.84
92.59
92.63
92.68
92.45
92.74
92.85
92.98
93.08
92.94
92.94
92.81
92.7
92.8
92.83
92.83
92.78
92.98
92.81
92.69
92.75
92.69
92.78
92.88
92.97
92.93
93.04
92.6
92.95
92.91
92.77
92.7
92.97
92.76
92.84
92.71
92.82
92.73
92.88
92.83
92.76
92.89
93.0
93.08
92.97
