28.41
34.47
41.72
49.43
50.42
53.46
50.98
62.03
62.0
60.05
65.87
66.86
63.32
68.39
65.85
65.88
70.32
70.47
71.77
74.03
70.58
72.96
72.65
75.84
73.44
73.87
73.02
76.28
70.48
77.18
74.44
75.77
75.35
79.47
74.75
74.85
74.54
78.83
77.07
78.21
79.13
75.99
78.0
79.29
75.88
71.16
79.99
80.0
81.55
79.37
80.05
75.68
76.33
79.19
76.49
77.75
77.14
73.85
82.22
78.18
80.51
80.11
81.82
77.19
78.28
82.19
78.82
80.7
79.04
81.52
76.13
81.89
83.01
82.53
80.52
81.51
81.18
81.61
82.3
82.3
82.18
82.32
82.33
81.54
79.06
82.6
81.51
82.54
82.75
82.94
82.78
82.41
78.73
82.0
81.99
82.47
80.69
82.7
77.69
87.27
87.8
88.18
88.52
88.32
88.45
89.48
89.49
89.61
89.8
89.68
89.47
89.68
89.65
89.52
89.78
89.5
89.66
89.69
89.71
89.99
90.19
90.14
90.21
90.17
89.91
90.24
90.17
89.88
90.29
90.33
90.58
90.54
90.15
90.27
90.18
90.42
90.46
90.73
90.4
90.75
90.25
90.86
90.58
90.47
90.49
90.5
90.54
90.66
90.68
90.65
90.34
90.8
90.76
90.61
90.63
90.77
91.15
90.84
90.83
90.91
90.75
90.04
90.06
90.68
90.08
90.68
90.54
89.92
90.46
90.73
90.04
90.5
90.77
90.79
90.48
90.97
90.78
91.18
90.4
90.52
91.16
90.61
90.33
91.63
90.64
91.12
91.41
91.09
91.07
91.24
91.15
90.76
91.06
90.59
90.39
90.43
90.95
90.85
91.24
91.03
91.07
91.67
91.37
91.15
91.46
90.44
89.99
91.13
90.7
91.09
91.28
91.23
91.58
91.41
91.05
91.7
92.01
91.9
91.97
91.91
91.47
91.29
91.87
91.85
91.87
91.86
91.71
91.85
91.81
91.55
92.01
91.95
91.23
91.79
91.37
91.79
91.68
92.1
92.17
92.45
91.79
91.62
91.91
91.37
91.44
91.65
92.19
91.83
91.74
92.45
92.62
92.92
92.88
92.78
92.82
93.02
93.15
93.05
93.08
93.08
93.0
93.04
93.25
93.18
93.02
93.23
92.79
92.9
93.04
93.02
93.08
92.94
93.22
93.06
93.01
93.04
93.1
93.04
92.96
93.19
93.02
93.07
93.06
93.03
93.11
93.04
93.04
93.19
93.16
93.36
93.11
93.09
93.31
93.36
93.29
93.18
93.27
93.09
93.14
93.15
