33.18
41.39
43.11
51.79
50.92
50.43
55.84
58.78
60.0
63.71
58.56
58.22
65.82
65.6
64.8
56.73
65.92
69.92
67.22
66.54
63.78
66.59
58.53
70.67
71.16
69.94
70.67
71.83
62.23
71.15
67.71
74.98
66.49
70.03
61.66
76.28
68.37
74.17
73.88
66.1
75.53
75.54
76.35
68.38
71.96
66.82
71.63
78.72
77.63
77.78
73.74
76.03
75.29
68.41
73.93
71.51
72.12
67.28
80.61
75.63
74.32
74.06
69.84
75.21
80.51
71.37
76.91
67.15
73.74
73.41
72.86
75.98
73.68
73.44
71.4
78.49
78.48
75.34
77.91
76.05
71.28
68.04
76.06
76.24
80.43
77.43
77.38
76.4
76.88
78.38
75.69
79.51
77.57
78.25
77.85
73.96
71.09
78.7
79.57
83.47
83.55
83.17
85.03
84.7
84.38
85.36
85.05
85.14
85.14
85.5
84.33
85.16
85.26
85.05
85.25
84.96
84.91
85.58
85.37
85.19
84.73
84.56
84.87
84.33
85.91
84.98
85.6
84.01
86.18
86.42
85.84
85.7
85.55
85.72
84.45
85.35
85.67
86.49
86.26
86.11
83.79
85.57
83.78
84.9
85.65
86.6
84.72
84.92
85.33
84.79
85.49
85.15
84.59
83.67
84.87
86.7
85.77
85.81
85.94
86.6
86.24
85.67
86.2
86.03
85.29
85.53
86.21
85.22
85.75
86.48
87.01
86.32
85.76
85.32
85.37
84.97
86.04
87.21
84.43
84.6
85.7
86.92
87.34
86.97
87.27
86.4
87.15
86.1
85.78
86.86
85.8
86.04
86.36
86.68
87.22
85.52
87.0
86.02
86.53
86.54
86.99
87.74
87.43
85.5
85.47
86.41
87.15
86.38
86.08
85.22
84.62
85.21
86.81
86.85
86.28
86.7
85.32
87.01
86.45
85.99
86.49
85.67
87.16
86.37
85.33
85.27
85.13
85.9
84.75
84.59
87.25
86.4
87.14
84.71
86.54
85.93
85.76
87.14
86.65
86.2
86.46
86.53
86.44
85.86
85.87
86.63
86.75
86.13
86.69
87.01
87.48
87.14
87.68
87.93
86.98
87.68
87.7
87.17
87.32
86.88
87.63
87.3
87.52
87.54
87.82
87.11
87.26
87.56
87.47
87.36
87.38
87.34
86.97
86.98
87.21
87.13
87.73
87.58
87.3
87.3
87.45
86.96
87.32
87.58
87.6
87.26
87.55
87.9
87.38
87.03
88.13
86.96
87.36
87.03
86.81
87.08
86.87
87.31
87.37
86.91
