28.35
39.72
31.59
41.72
38.24
46.91
41.31
47.13
48.32
48.9
47.64
43.6
46.26
48.01
45.12
48.78
45.74
48.19
49.01
48.05
48.39
45.53
46.49
46.42
50.27
49.76
49.73
48.59
49.44
51.2
49.18
52.32
52.01
50.68
47.9
48.82
48.76
49.53
51.4
51.43
49.79
50.28
49.68
48.38
48.99
49.38
49.8
47.31
49.54
49.38
48.88
50.18
49.03
48.73
51.03
51.88
50.82
50.93
49.76
49.22
50.37
49.97
50.24
50.33
51.38
50.76
48.74
51.15
48.86
50.87
50.92
49.48
49.97
51.59
50.2
51.17
51.81
50.79
49.53
50.13
53.23
50.92
49.67
51.6
50.95
49.79
49.55
50.09
49.3
53.1
49.5
52.41
49.79
48.8
50.47
49.84
47.76
50.08
51.2
50.78
51.0
50.89
51.13
51.21
51.01
50.95
51.02
50.98
50.93
51.12
50.83
51.04
50.79
50.83
50.88
50.95
50.83
50.86
50.85
50.86
50.96
51.02
50.83
50.76
50.84
50.92
50.88
50.99
50.8
50.88
50.64
50.44
50.91
50.85
50.98
50.78
50.94
50.64
51.06
51.15
51.35
50.99
50.58
50.86
51.03
50.91
51.06
50.76
50.64
50.8
50.96
50.54
50.86
50.8
50.66
50.82
50.78
51.19
50.9
51.08
50.86
50.91
51.14
50.99
51.4
51.31
50.85
50.7
50.78
50.59
50.69
50.97
51.08
50.79
51.36
50.98
50.83
51.25
51.0
50.78
51.11
51.06
51.01
50.9
51.12
50.86
51.06
50.97
51.52
50.99
50.95
50.58
50.66
50.55
51.07
51.1
50.91
51.14
50.97
50.9
51.22
50.91
51.67
51.34
51.06
50.63
51.24
50.8
50.71
50.86
51.48
51.43
51.16
51.19
51.13
51.27
51.31
51.42
50.11
51.66
51.43
51.7
50.86
51.45
51.79
50.61
51.02
51.33
50.99
53.02
51.12
51.23
51.25
51.32
51.81
51.56
51.41
51.22
