14.94
8.94
10.38
14.81
12.81
7.06
10.45
14.83
10.33
11.53
12.82
13.45
11.27
11.12
10.58
14.85
11.74
15.61
12.37
9.52
14.63
14.59
10.29
11.62
11.73
12.72
10.78
10.26
10.13
10.42
16.11
15.59
10.01
11.67
10.11
11.92
17.69
13.36
18.97
10.27
14.64
12.82
18.03
14.84
14.44
16.98
15.69
15.29
14.25
17.46
11.61
12.86
16.1
16.12
14.7
13.63
14.94
10.66
12.66
14.68
15.75
15.65
12.69
16.14
12.69
11.95
11.26
14.61
19.82
15.85
14.41
13.4
12.62
19.08
17.32
15.51
16.37
16.25
16.48
16.69
13.71
21.41
14.24
15.56
15.76
15.84
17.74
12.52
17.29
14.62
10.89
13.07
15.59
17.35
20.76
17.9
13.01
14.85
16.24
21.48
21.91
22.3
22.04
19.67
20.62
10.0
10.0
10.0
10.0
10.0
10.0
10.0
10.0
10.0
10.0
10.0
10.0
10.0
10.0
10.0
10.0
10.0
10.0
10.0
10.0
10.0
10.0
10.0
10.0
10.0
10.0
10.0
10.0
10.08
10.0
10.0
10.0
10.0
10.0
10.0
10.0
10.0
10.0
10.0
10.0
10.0
10.0
10.0
10.0
10.0
10.0
10.0
9.76
10.0
10.0
10.61
10.0
10.0
10.0
10.0
10.0
10.0
10.0
10.0
10.0
10.0
10.0
10.0
10.0
10.0
10.0
7.89
10.0
10.0
10.0
10.0
10.0
10.0
10.0
10.0
10.0
10.0
10.0
10.0
10.0
10.0
10.0
10.0
10.0
10.0
10.0
10.0
10.0
10.0
10.0
10.0
9.02
10.0
10.0
10.0
10.0
10.0
10.0
10.0
10.0
10.0
10.0
10.0
10.0
10.0
10.0
10.0
10.0
10.0
10.0
10.0
10.0
10.0
10.0
10.0
10.0
10.0
10.0
10.0
10.0
10.0
10.0
10.0
10.0
10.0
10.0
10.0
10.0
10.0
10.0
10.0
10.0
10.0
10.0
10.0
10.0
10.0
10.0
10.0
10.0
10.0
10.0
10.0
10.0
10.0
10.0
10.0
10.0
10.0
10.0
10.0
10.0
10.0
10.0
10.0
10.0
10.0
10.0
10.0
10.0
10.0
10.0
10.0
10.0
10.0
10.0
10.0
10.0
10.0
10.0
10.0
10.0
10.0
10.0
10.0
10.0
10.0
10.0
10.0
10.0
10.0
10.0
10.0
10.0
10.0
10.0
10.0
10.0
10.0
10.0
10.0
10.0
10.0
10.0
10.0
