31.31
39.32
39.43
45.57
49.75
50.98
55.16
62.13
57.07
60.76
62.99
64.64
64.96
68.9
68.84
70.52
65.32
72.7
71.41
74.53
73.16
75.42
70.33
74.53
73.73
74.35
72.93
72.44
71.42
73.97
72.89
75.06
77.44
76.6
75.89
79.37
72.61
78.27
75.89
76.47
74.3
79.87
78.1
77.94
67.86
80.39
79.08
80.35
78.52
78.99
79.73
80.96
78.5
75.98
77.96
78.16
78.22
78.66
79.87
82.63
79.54
80.89
79.89
80.26
78.92
81.58
78.43
79.63
81.0
80.19
81.75
79.94
78.67
79.21
81.91
80.54
80.43
82.19
82.18
82.4
80.01
82.44
79.87
84.04
78.1
82.16
77.84
79.9
81.48
76.47
82.58
76.13
81.63
82.34
82.84
80.45
80.86
82.41
84.94
87.26
87.74
87.79
88.05
87.68
88.11
86.67
86.79
87.08
87.49
87.26
88.04
87.84
87.7
87.63
87.87
87.53
87.97
87.97
88.38
88.04
88.68
88.52
88.33
88.44
88.65
88.54
88.16
88.27
88.86
89.37
88.14
88.62
89.13
88.14
88.86
88.71
88.87
88.96
89.23
89.39
88.79
89.6
88.0
88.83
89.32
88.86
89.06
89.44
89.65
90.07
89.86
89.58
89.54
89.41
89.67
89.41
89.57
89.53
89.49
89.41
89.36
89.48
89.88
89.36
88.58
89.12
89.71
89.98
89.95
90.17
89.19
90.01
89.51
89.51
90.14
90.06
90.45
90.53
89.97
90.37
89.53
90.6
90.62
90.33
89.8
90.1
90.21
90.2
89.48
90.14
91.06
89.95
89.96
89.71
89.93
90.13
89.64
90.55
90.59
90.2
91.01
90.64
90.86
89.49
90.49
89.79
90.93
90.68
89.76
91.05
89.31
90.6
90.51
90.81
90.43
90.63
89.0
89.54
90.21
90.62
90.11
89.45
89.56
90.37
90.79
91.2
90.73
91.64
90.16
91.6
90.21
90.36
90.93
90.67
90.77
90.63
90.5
91.59
91.35
89.75
90.86
91.05
91.08
89.91
90.82
89.73
91.25
90.21
91.23
91.89
91.57
91.65
91.88
91.77
91.43
91.9
91.72
92.2
91.67
91.98
91.68
92.09
91.65
92.08
91.47
91.84
91.65
91.92
91.66
92.2
91.75
92.3
92.08
92.21
91.75
92.29
91.78
92.06
91.82
92.06
91.95
92.24
91.81
92.11
91.83
92.42
91.97
92.44
91.73
92.44
91.92
92.41
92.07
92.25
92.07
92.27
92.01
92.23
92.14
92.19
