37.67
43.94
39.31
51.49
53.86
62.64
63.88
62.97
64.73
59.98
65.78
66.84
67.48
69.02
71.23
72.75
69.06
68.22
72.35
74.76
73.81
74.05
71.81
72.44
74.21
78.65
75.9
77.49
77.95
74.51
72.48
78.83
69.69
78.27
73.4
75.46
77.48
80.82
72.34
77.94
73.61
78.86
77.91
76.79
72.99
76.76
79.75
78.07
81.14
77.39
73.42
80.69
78.16
84.14
80.26
79.85
82.07
81.96
81.76
82.96
76.77
78.36
81.12
73.49
76.47
75.77
80.46
77.24
82.28
79.63
81.2
79.11
82.54
81.87
80.97
81.15
83.72
80.98
80.91
86.6
81.71
82.85
84.69
79.81
83.46
81.79
81.95
82.09
77.12
85.02
79.56
80.66
84.62
76.95
81.42
86.5
76.07
85.22
79.64
87.0
87.4
87.45
88.46
87.61
87.4
88.76
87.51
87.8
87.57
87.78
88.76
89.57
89.73
89.04
88.76
89.35
89.17
89.27
89.03
89.54
88.87
89.58
89.41
89.85
88.44
89.85
89.14
89.52
88.89
89.85
89.17
89.73
88.82
89.68
89.61
90.05
89.03
89.39
89.4
90.3
89.49
89.85
89.31
90.25
88.84
89.9
89.58
89.73
89.71
89.97
90.62
89.48
90.07
89.78
89.74
89.6
89.93
89.8
89.99
90.14
89.3
89.72
89.79
90.62
89.37
90.19
90.48
89.45
89.07
90.38
90.18
90.85
90.46
90.16
89.73
90.43
90.25
89.8
90.0
90.01
89.34
90.08
90.27
90.32
90.29
89.27
90.63
89.79
90.56
89.33
90.04
89.8
90.62
90.39
89.11
89.66
90.53
90.95
90.25
90.07
90.05
90.92
88.69
90.52
89.38
89.87
90.17
90.55
90.94
89.94
90.79
89.97
89.91
90.45
89.84
90.6
90.47
90.38
89.23
89.87
90.6
91.24
90.83
90.61
89.8
89.74
90.61
90.51
90.82
90.71
90.65
90.48
89.68
90.45
90.81
90.09
90.26
90.57
