15.27
16.7
21.05
20.83
23.83
18.6
23.07
21.25
23.67
24.79
28.28
23.32
23.12
28.42
24.39
22.9
29.08
25.34
29.25
31.76
32.06
30.37
32.7
27.95
37.19
32.19
33.44
33.77
33.95
32.92
33.49
36.94
36.83
34.55
34.79
37.75
37.46
33.0
38.58
35.92
40.17
37.45
39.29
36.37
41.2
37.19
42.13
37.32
40.28
40.27
40.58
42.5
45.24
40.94
42.4
45.77
46.28
45.86
45.52
47.34
49.64
39.21
46.07
37.49
40.25
43.96
45.13
45.86
49.21
43.17
35.15
44.9
48.97
49.04
47.75
49.82
43.6
49.16
36.58
47.27
32.39
48.45
48.16
50.53
48.31
51.59
49.2
51.16
47.39
40.02
48.42
51.79
47.37
54.83
52.66
46.18
48.22
54.08
49.22
55.84
57.23
56.22
57.25
57.81
57.88
10.01
10.0
10.0
10.0
10.0
10.0
10.0
10.0
10.0
46.86
10.01
10.0
41.76
10.0
10.0
45.65
10.0
10.0
10.0
10.0
10.0
10.0
10.0
10.0
10.0
10.0
10.0
10.0
10.0
10.0
10.0
10.0
10.0
10.0
10.0
10.0
10.0
10.0
10.0
10.0
10.0
10.0
10.0
10.0
10.0
10.0
10.0
10.0
10.0
29.38
10.0
10.46
10.01
36.93
10.03
10.0
45.42
10.0
10.0
10.0
10.0
10.0
10.0
10.0
12.14
10.0
10.0
10.0
10.0
10.0
10.0
10.0
10.0
10.0
10.0
10.0
10.0
10.0
10.0
10.06
10.0
10.0
10.0
10.0
10.0
10.0
10.0
10.0
10.0
10.0
10.0
10.0
10.0
10.0
10.0
10.02
10.0
10.0
10.0
10.0
10.0
10.0
10.0
10.0
10.0
10.0
10.5
10.0
10.0
10.0
10.0
10.0
10.93
10.0
10.0
10.0
10.0
10.0
10.0
10.0
10.0
10.0
10.0
10.0
10.0
10.0
10.0
10.0
10.0
10.65
10.0
10.0
10.0
10.0
10.0
10.0
10.0
10.0
11.41
10.0
10.0
12.67
10.0
10.0
10.0
10.0
10.0
10.0
10.0
10.0
10.0
10.0
10.0
10.0
10.0
10.0
10.0
10.0
10.0
10.0
10.0
10.01
10.04
10.16
10.25
10.23
10.22
8.3
10.0
10.0
8.19
10.0
8.64
10.0
9.17
10.0
9.51
10.0
10.0
10.0
10.0
10.0
9.8
10.0
10.0
10.0
10.0
10.0
10.0
10.0
10.0
9.92
10.0
9.85
10.0
