16.36
12.43
10.76
17.2
16.43
18.76
20.11
19.32
16.79
21.26
23.33
22.87
28.67
24.07
26.22
24.38
27.58
26.57
24.79
28.77
28.59
26.61
30.65
31.39
29.56
33.93
32.94
25.84
33.69
24.95
28.03
35.06
32.38
32.52
36.65
26.46
32.98
35.25
35.99
28.75
33.04
33.94
38.77
41.54
28.61
37.41
39.49
37.76
39.4
41.18
41.78
41.1
41.3
39.66
40.33
43.09
42.63
43.25
39.76
42.81
42.48
44.27
41.58
41.69
43.84
42.94
43.35
46.01
44.71
40.69
43.76
45.45
48.24
42.54
44.47
46.72
45.0
47.95
44.43
45.0
48.59
40.41
45.46
48.23
45.08
44.6
47.09
43.74
49.07
46.16
45.64
49.8
46.44
45.24
52.56
43.96
44.15
45.22
51.59
55.08
56.29
56.37
55.26
56.59
56.32
55.17
54.86
53.73
51.38
52.87
56.68
57.16
56.37
55.95
53.58
54.65
54.33
10.0
59.43
58.11
56.11
56.04
56.52
51.29
10.0
57.47
54.9
55.62
57.82
10.0
58.34
51.84
28.56
10.0
51.05
44.55
45.0
58.25
10.0
28.37
9.99
10.0
10.0
44.14
19.82
15.78
54.85
53.3
10.0
52.31
23.46
16.66
10.96
25.94
15.98
56.85
20.46
18.74
58.39
19.28
20.23
55.57
15.62
16.42
57.63
17.15
11.9
59.41
18.67
14.25
30.47
14.7
17.38
11.96
10.75
58.52
10.0
11.71
60.06
18.73
12.81
11.62
11.36
16.05
13.77
16.21
17.31
43.2
15.37
15.82
58.82
14.5
12.27
11.04
12.84
12.93
12.5
13.07
12.17
13.88
11.37
21.82
13.72
11.9
11.0
19.59
16.62
41.22
19.48
15.09
11.85
17.78
13.25
13.2
11.4
18.73
15.71
58.27
17.15
11.83
59.65
10.4
13.4
62.39
14.55
15.59
59.9
57.07
10.81
62.11
19.92
13.4
60.08
14.2
13.72
25.63
16.79
13.06
11.87
61.3
15.97
13.45
58.12
36.57
13.29
58.28
24.18
12.23
58.03
60.03
60.22
60.59
60.14
60.47
60.58
60.79
60.26
60.27
60.72
60.57
60.35
60.33
59.94
58.54
59.78
59.14
48.31
43.72
10.44
10.26
13.75
14.62
15.07
14.83
13.18
13.74
13.13
14.62
13.01
13.21
13.26
13.51
13.88
13.37
14.48
13.67
14.31
13.46
13.62
13.81
13.44
14.49
13.43
13.4
14.58
13.14
14.03
15.05
14.18
15.05
