8.38
11.88
7.65
13.29
12.57
9.52
10.93
10.66
15.59
11.25
10.47
14.17
13.86
9.8
16.92
16.4
12.14
14.53
17.05
18.31
10.54
11.04
11.15
14.26
16.02
17.12
14.06
13.02
16.4
16.84
13.87
16.21
17.39
16.66
14.76
14.43
13.46
10.29
16.92
13.84
14.62
17.57
13.88
12.5
19.3
17.48
18.5
18.12
17.18
14.18
12.1
11.18
11.95
13.45
17.82
15.74
10.92
13.96
13.33
17.73
13.04
16.94
18.44
15.74
17.14
14.02
10.09
18.13
14.16
14.84
16.63
12.39
14.78
15.24
12.63
20.37
15.8
15.18
10.1
17.61
11.47
15.03
11.28
18.86
16.9
16.63
17.46
17.73
13.32
18.36
18.56
21.67
21.42
15.5
15.0
12.95
18.59
19.5
16.95
20.17
20.35
21.0
22.68
20.96
21.13
15.31
15.15
8.95
16.8
12.92
12.95
10.01
10.0
12.8
10.0
10.81
10.47
9.27
11.21
13.18
13.27
15.69
12.5
10.0
9.97
13.28
9.98
13.95
15.48
10.0
11.15
9.02
10.0
10.68
11.48
10.0
10.67
11.08
10.0
14.82
10.0
12.56
8.57
9.01
10.0
9.27
10.0
10.0
9.96
10.0
10.0
10.0
10.0
10.0
10.0
10.0
10.0
10.0
10.0
10.0
10.0
10.0
10.0
10.0
10.0
10.0
10.0
10.0
10.0
10.0
10.0
10.0
10.0
10.0
10.0
10.0
10.0
10.0
10.0
10.0
10.0
10.0
10.0
10.0
10.0
10.0
10.0
10.0
10.0
10.0
10.0
10.0
10.0
10.0
10.0
10.0
10.0
10.0
10.0
10.0
10.0
10.0
10.0
10.0
10.0
10.0
